,ax,ay,az
0,,,
1,-0.128,0.023,-0.891;
2,-0.12,0.019,-0.873;
3,-0.109,0.008,-0.880;
4,-0.109,0.015,-0.887;
5,-0.113,0.015,-0.891;
6,-0.113,0.023,-0.887;
7,-0.109,0.015,-0.887;
8,-0.128,0.026,-0.877;
9,-0.12,0.023,-0.880;
10,-0.117,0.03,-0.880;
11,-0.12,0.019,-0.884;
12,-0.117,0.023,-0.891;
13,-0.128,0.026,-0.891;
14,-0.117,0.011,-0.884;
15,-0.109,0.015,-0.887;
16,-0.124,0.023,-0.880;
17,-0.128,0.019,-0.898;
18,-0.124,0.026,-0.891;
19,-0.132,0.023,-0.873;
20,-0.117,0.015,-0.887;
21,-0.12,0.019,-0.873;
22,-0.124,0.023,-0.866;
23,-0.12,0.026,-0.891;
24,-0.12,0.015,-0.894;
25,-0.117,0.011,-0.877;
26,-0.113,0.023,-0.870;
27,-0.105,0.015,-0.880;
28,-0.117,0.019,-0.877;
29,-0.128,0.004,-0.887;
30,-0.136,0.026,-0.887;
31,-0.128,0.023,-0.884;
32,-0.12,0.026,-0.887;
33,-0.132,0.019,-0.884;
34,-0.136,0.015,-0.884;
35,-0.113,0.015,-0.873;
36,-0.12,0.026,-0.884;
37,-0.117,0.023,-0.884;
38,-0.109,0.019,-0.891;
39,-0.117,0.023,-0.891;
40,-0.113,0.008,-0.891;
41,-0.124,0.008,-0.866;
42,-0.124,0.008,-0.877;
43,-0.12,0.026,-0.894;
44,-0.12,0.023,-0.894;
45,-0.105,0.026,-0.873;
46,-0.068,0.008,-0.884;
47,-0.169,0.015,-0.891;
48,-0.166,0.004,-0.877;
49,-0.098,0.008,-0.894;
50,-0.113,-0.008,-0.884;
51,-0.128,0.008,-0.870;
52,-0.12,0.008,-0.887;
53,-0.105,0.0,-0.884;
54,-0.113,0.008,-0.880;
55,-0.117,0.019,-0.891;
56,-0.132,0.015,-0.877;
57,-0.136,0.011,-0.873;
58,-0.12,0.004,-0.880;
59,-0.117,0.015,-0.873;
60,-0.117,-0.008,-0.891;
61,-0.12,0.008,-0.901;
62,-0.128,0.008,-0.880;
63,-0.113,0.008,-0.873;
64,-0.117,0.011,-0.870;
65,-0.113,0.019,-0.884;
66,-0.124,0.026,-0.880;
67,-0.124,0.015,-0.891;
68,-0.105,0.015,-0.887;
69,-0.12,0.023,-0.887;
70,-0.12,0.015,-0.887;
71,-0.117,0.008,-0.870;
72,-0.12,0.008,-0.880;
73,-0.117,0.004,-0.880;
74,-0.128,0.008,-0.891;
75,-0.117,0.023,-0.898;
76,-0.132,0.03,-0.891;
77,-0.124,0.034,-0.894;
78,-0.124,0.019,-0.880;
79,-0.128,0.023,-0.887;
80,-0.139,0.03,-0.901;
81,-0.132,0.011,-0.894;
82,-0.132,0.034,-0.880;
83,-0.09,0.03,-0.880;
84,-0.113,0.015,-0.887;
85,-0.196,0.008,-0.898;
86,-0.154,0.023,-0.887;
87,-0.128,0.015,-0.870;
88,-0.132,0.019,-0.880;
89,-0.139,0.026,-0.870;
90,-0.143,0.019,-0.880;
91,-0.147,0.019,-0.873;
92,-0.147,0.011,-0.891;
93,-0.143,0.023,-0.884;
94,-0.136,0.015,-0.866;
95,-0.128,0.015,-0.877;
96,-0.128,0.026,-0.894;
97,-0.151,0.023,-0.887;
98,-0.154,0.019,-0.894;
99,-0.139,0.011,-0.877;
100,-0.147,0.023,-0.891;
101,-0.147,0.03,-0.905;
102,-0.158,0.015,-0.866;
103,-0.139,0.023,-0.884;
104,-0.139,0.019,-0.870;
105,-0.147,0.023,-0.887;
106,-0.147,0.026,-0.894;
107,-0.151,0.023,-0.898;
108,-0.139,0.026,-0.884;
109,-0.139,0.019,-0.891;
110,-0.136,0.015,-0.880;
111,-0.139,0.015,-0.880;
112,-0.151,0.004,-0.880;
113,-0.154,0.023,-0.884;
114,-0.158,0.023,-0.887;
115,-0.151,0.019,-0.880;
116,-0.147,0.023,-0.887;
117,-0.143,0.011,-0.887;
118,-0.139,0.015,-0.891;
119,-0.132,0.015,-0.894;
120,-0.143,0.026,-0.891;
121,-0.136,0.023,-0.880;
122,-0.136,0.023,-0.877;
123,-0.143,0.023,-0.877;
124,-0.154,0.023,-0.887;
125,-0.143,0.019,-0.880;
126,-0.147,0.015,-0.880;
127,-0.136,0.019,-0.880;
128,-0.143,0.019,-0.891;
129,-0.128,0.015,-0.877;
130,-0.139,0.015,-0.880;
131,-0.132,0.011,-0.877;
132,-0.132,0.026,-0.891;
133,-0.132,0.019,-0.891;
134,-0.132,0.026,-0.877;
135,-0.128,0.026,-0.873;
136,-0.124,0.023,-0.901;
137,-0.128,0.026,-0.884;
138,-0.124,0.023,-0.894;
139,-0.117,0.026,-0.877;
140,-0.113,0.015,-0.870;
141,-0.09,0.023,-0.887;
142,-0.12,0.023,-0.873;
143,-0.124,0.019,-0.908;
144,-0.113,0.026,-0.894;
145,-0.109,0.023,-0.873;
146,-0.098,0.023,-0.877;
147,-0.098,0.026,-0.880;
148,-0.098,0.03,-0.887;
149,-0.105,0.023,-0.884;
150,-0.102,0.023,-0.887;
151,-0.102,0.023,-0.884;
152,-0.094,0.023,-0.884;
153,-0.09,0.019,-0.884;
154,-0.098,0.026,-0.880;
155,-0.083,0.019,-0.884;
156,-0.087,0.019,-0.877;
157,-0.087,0.026,-0.884;
158,-0.087,0.023,-0.894;
159,-0.087,0.026,-0.887;
160,-0.079,0.019,-0.877;
161,-0.083,0.026,-0.873;
162,-0.075,0.026,-0.898;
163,-0.072,0.03,-0.880;
164,-0.075,0.026,-0.894;
165,-0.079,0.019,-0.891;
166,-0.083,0.023,-0.891;
167,-0.068,0.026,-0.880;
168,-0.064,0.023,-0.884;
169,-0.053,0.019,-0.880;
170,-0.064,0.038,-0.898;
171,-0.083,0.034,-0.884;
172,-0.064,0.034,-0.880;
173,-0.053,0.026,-0.891;
174,-0.064,0.034,-0.870;
175,-0.068,0.03,-0.880;
176,-0.053,0.023,-0.894;
177,-0.068,0.026,-0.891;
178,-0.049,0.023,-0.870;
179,-0.038,0.023,-0.891;
180,-0.06,0.019,-0.880;
181,-0.072,0.019,-0.908;
182,-0.064,0.034,-0.887;
183,-0.034,0.03,-0.866;
184,-0.03,0.038,-0.880;
185,-0.019,0.034,-0.898;
186,-0.041,0.026,-0.898;
187,-0.056,0.038,-0.880;
188,-0.041,0.026,-0.877;
189,-0.041,0.034,-0.873;
190,-0.041,0.041,-0.891;
191,-0.053,0.034,-0.905;
192,-0.053,0.038,-0.877;
193,-0.041,0.034,-0.873;
194,-0.041,0.034,-0.891;
195,-0.045,0.041,-0.891;
196,-0.038,0.023,-0.884;
197,-0.049,0.034,-0.884;
198,-0.045,0.038,-0.880;
199,-0.041,0.038,-0.877;
200,-0.038,0.034,-0.866;
201,-0.053,0.038,-0.891;
202,-0.053,0.034,-0.887;
203,-0.064,0.034,-0.873;
204,-0.056,0.023,-0.873;
205,-0.045,0.026,-0.877;
206,-0.053,0.03,-0.884;
207,-0.064,0.026,-0.898;
208,-0.075,0.026,-0.887;
209,-0.075,0.026,-0.884;
210,-0.068,0.023,-0.870;
211,-0.06,0.041,-0.894;
212,-0.075,0.023,-0.887;
213,-0.087,0.015,-0.894;
214,-0.098,0.019,-0.898;
215,-0.102,0.015,-0.873;
216,-0.09,0.03,-0.891;
217,-0.09,0.026,-0.887;
218,-0.102,0.026,-0.877;
219,-0.098,0.019,-0.884;
220,-0.109,0.026,-0.891;
221,-0.094,0.026,-0.880;
222,-0.094,0.023,-0.880;
223,-0.117,0.026,-0.891;
224,-0.12,0.023,-0.894;
225,-0.12,0.026,-0.877;
226,-0.113,0.026,-0.891;
227,-0.117,0.03,-0.884;
228,-0.113,0.019,-0.884;
229,-0.132,0.023,-0.880;
230,-0.117,0.03,-0.891;
231,-0.12,0.019,-0.891;
232,-0.12,0.026,-0.880;
233,-0.124,0.023,-0.884;
234,-0.117,0.019,-0.887;
235,-0.105,0.019,-0.891;
236,-0.12,0.015,-0.891;
237,-0.136,0.015,-0.884;
238,-0.136,0.019,-0.884;
239,-0.128,0.015,-0.880;
240,-0.128,0.023,-0.884;
241,-0.132,0.019,-0.891;
242,-0.128,0.019,-0.880;
243,-0.132,0.015,-0.884;
244,-0.136,0.019,-0.884;
245,-0.143,0.015,-0.891;
246,-0.136,0.023,-0.873;
247,-0.143,0.015,-0.873;
248,-0.147,0.023,-0.905;
249,-0.151,0.015,-0.877;
250,-0.139,0.011,-0.877;
251,-0.147,0.023,-0.877;
252,-0.151,0.03,-0.894;
253,-0.151,0.019,-0.887;
254,-0.143,0.019,-0.880;
255,-0.147,0.011,-0.884;
256,-0.154,0.015,-0.877;
257,-0.151,0.023,-0.877;
258,-0.139,0.026,-0.887;
259,-0.136,0.019,-0.863;
260,-0.147,0.026,-0.887;
261,-0.147,0.023,-0.898;
262,-0.154,0.023,-0.884;
263,-0.136,0.008,-0.880;
264,-0.147,0.015,-0.880;
265,-0.154,0.015,-0.880;
266,-0.147,0.023,-0.894;
267,-0.154,0.015,-0.884;
268,-0.154,0.023,-0.898;
269,-0.162,0.019,-0.877;
270,-0.147,0.015,-0.880;
271,-0.154,0.03,-0.884;
272,-0.147,0.011,-0.877;
273,-0.154,0.015,-0.880;
274,-0.151,0.011,-0.884;
275,-0.166,0.019,-0.887;
276,-0.154,0.015,-0.873;
277,-0.154,0.015,-0.898;
278,-0.154,0.026,-0.880;
279,-0.158,0.019,-0.880;
280,-0.154,0.019,-0.880;
281,-0.154,0.015,-0.870;
282,-0.154,0.011,-0.866;
283,-0.158,0.015,-0.884;
284,-0.162,0.008,-0.877;
285,-0.166,0.008,-0.877;
286,-0.162,0.019,-0.887;
287,-0.154,0.023,-0.884;
288,-0.158,0.026,-0.884;
289,-0.151,0.019,-0.870;
290,-0.158,0.015,-0.877;
291,-0.162,0.019,-0.887;
292,-0.154,0.023,-0.880;
293,-0.158,0.015,-0.884;
294,-0.158,0.019,-0.877;
295,-0.151,0.019,-0.870;
296,-0.154,0.019,-0.873;
297,-0.162,0.011,-0.866;
298,-0.143,0.011,-0.887;
299,-0.151,0.015,-0.880;
300,-0.154,0.026,-0.866;
301,-0.151,0.03,-0.877;
302,-0.136,0.019,-0.884;
303,-0.154,0.015,-0.880;
304,-0.151,0.023,-0.891;
305,-0.151,0.023,-0.873;
306,-0.139,0.015,-0.873;
307,-0.151,0.011,-0.887;
308,-0.151,0.015,-0.891;
309,-0.151,0.023,-0.880;
310,-0.158,0.015,-0.880;
311,-0.166,0.019,-0.887;
312,-0.154,0.023,-0.884;
313,-0.154,0.019,-0.873;
314,-0.158,0.023,-0.880;
315,-0.151,0.015,-0.880;
316,-0.151,0.011,-0.887;
317,-0.154,0.015,-0.887;
318,-0.162,0.019,-0.891;
319,-0.151,0.015,-0.873;
320,-0.154,0.019,-0.859;
321,-0.158,0.019,-0.870;
322,-0.151,0.019,-0.887;
323,-0.151,0.019,-0.877;
324,-0.147,0.015,-0.884;
325,-0.154,0.023,-0.880;
326,-0.158,0.008,-0.894;
327,-0.166,0.015,-0.894;
328,-0.162,0.019,-0.873;
329,-0.151,0.023,-0.891;
330,-0.162,0.019,-0.887;
331,-0.151,0.011,-0.884;
332,-0.154,0.023,-0.873;
333,-0.154,0.011,-0.852;
334,-0.154,0.011,-0.887;
335,-0.154,0.03,-0.894;
336,-0.162,0.019,-0.870;
337,-0.151,0.023,-0.873;
338,-0.143,0.026,-0.884;
339,-0.143,0.015,-0.894;
340,-0.151,0.026,-0.880;
341,-0.143,0.019,-0.880;
342,-0.139,0.015,-0.887;
343,-0.136,0.011,-0.887;
344,-0.147,0.023,-0.891;
345,-0.143,0.015,-0.884;
346,-0.143,0.008,-0.884;
347,-0.154,0.026,-0.891;
348,-0.154,0.023,-0.884;
349,-0.136,0.03,-0.891;
350,-0.147,0.026,-0.887;
351,-0.143,0.011,-0.891;
352,-0.143,0.015,-0.894;
353,-0.147,0.019,-0.894;
354,-0.143,0.023,-0.880;
355,-0.136,0.026,-0.887;
356,-0.128,0.023,-0.877;
357,-0.128,0.015,-0.877;
358,-0.132,0.015,-0.884;
359,-0.128,0.019,-0.887;
360,-0.124,0.015,-0.870;
361,-0.136,0.011,-0.884;
362,-0.136,0.019,-0.887;
363,-0.117,0.03,-0.891;
364,-0.124,0.023,-0.891;
365,-0.124,0.019,-0.887;
366,-0.128,0.011,-0.884;
367,-0.12,0.019,-0.877;
368,-0.117,0.008,-0.866;
369,-0.109,0.019,-0.894;
370,-0.109,0.023,-0.877;
371,-0.128,0.026,-0.887;
372,-0.117,0.015,-0.894;
373,-0.12,0.03,-0.901;
374,-0.105,0.026,-0.866;
375,-0.087,0.015,-0.866;
376,-0.09,0.026,-0.884;
377,-0.083,0.019,-0.880;
378,-0.087,0.019,-0.887;
379,-0.09,0.015,-0.884;
380,-0.102,0.026,-0.901;
381,-0.09,0.019,-0.887;
382,-0.087,0.023,-0.880;
383,-0.075,0.019,-0.891;
384,-0.079,0.015,-0.891;
385,-0.094,0.019,-0.891;
386,-0.079,0.019,-0.887;
387,-0.056,0.026,-0.873;
388,-0.053,0.041,-0.887;
389,-0.068,0.03,-0.891;
390,-0.068,0.026,-0.887;
391,-0.064,0.034,-0.894;
392,-0.068,0.034,-0.887;
393,-0.064,0.034,-0.877;
394,-0.064,0.034,-0.894;
395,-0.056,0.026,-0.880;
396,-0.056,0.038,-0.884;
397,-0.06,0.034,-0.894;
398,-0.06,0.038,-0.880;
399,-0.045,0.034,-0.877;
400,-0.038,0.038,-0.898;
401,-0.049,0.03,-0.877;
402,-0.064,0.03,-0.866;
403,-0.038,0.038,-0.894;
404,-0.038,0.034,-0.870;
405,-0.038,0.041,-0.912;
406,-0.045,0.038,-0.901;
407,-0.041,0.038,-0.880;
408,-0.019,0.053,-0.870;
409,-0.008,0.045,-0.887;
410,-0.015,0.045,-0.894;
411,-0.034,0.041,-0.873;
412,-0.015,0.045,-0.898;
413,-0.015,0.038,-0.891;
414,-0.026,0.049,-0.891;
415,-0.023,0.038,-0.884;
416,-0.015,0.034,-0.891;
417,-0.026,0.041,-0.880;
418,-0.008,0.034,-0.891;
419,-0.011,0.041,-0.891;
420,-0.019,0.038,-0.880;
421,-0.008,0.034,-0.891;
422,-0.019,0.045,-0.880;
423,0.0,0.03,-0.873;
424,-0.008,0.049,-0.880;
425,-0.019,0.041,-0.887;
426,-0.008,0.049,-0.884;
427,-0.004,0.038,-0.877;
428,0.004,0.053,-0.908;
429,-0.008,0.045,-0.915;
430,-0.026,0.038,-0.877;
431,-0.008,0.038,-0.873;
432,0.004,0.038,-0.873;
433,-0.004,0.041,-0.887;
434,0.0,0.041,-0.908;
435,-0.004,0.049,-0.891;
436,-0.011,0.034,-0.870;
437,-0.008,0.041,-0.877;
438,-0.004,0.041,-0.887;
439,-0.015,0.038,-0.912;
440,-0.03,0.045,-0.915;
441,-0.015,0.045,-0.870;
442,-0.011,0.053,-0.877;
443,-0.023,0.056,-0.891;
444,-0.023,0.041,-0.880;
445,-0.011,0.041,-0.877;
446,-0.004,0.041,-0.894;
447,-0.026,0.045,-0.891;
448,-0.041,0.06,-0.894;
449,-0.038,0.045,-0.891;
450,-0.034,0.045,-0.877;
451,-0.034,0.041,-0.877;
452,-0.038,0.041,-0.901;
453,-0.038,0.041,-0.894;
454,-0.056,0.049,-0.877;
455,-0.041,0.034,-0.873;
456,-0.041,0.03,-0.887;
457,-0.045,0.053,-0.891;
458,-0.034,0.038,-0.891;
459,-0.064,0.03,-0.877;
460,-0.06,0.03,-0.863;
461,-0.056,0.038,-0.870;
462,-0.064,0.034,-0.887;
463,-0.064,0.041,-0.912;
464,-0.075,0.03,-0.891;
465,-0.083,0.03,-0.884;
466,-0.06,0.023,-0.887;
467,-0.072,0.03,-0.887;
468,-0.09,0.03,-0.880;
469,-0.094,0.026,-0.884;
470,-0.09,0.026,-0.884;
471,-0.094,0.03,-0.887;
472,-0.102,0.026,-0.901;
473,-0.105,0.034,-0.887;
474,-0.117,0.011,-0.884;
475,-0.105,0.019,-0.877;
476,-0.109,0.023,-0.873;
477,-0.109,0.041,-0.884;
478,-0.113,0.038,-0.898;
479,-0.113,0.015,-0.880;
480,-0.124,0.015,-0.880;
481,-0.117,0.03,-0.880;
482,-0.12,0.03,-0.891;
483,-0.117,0.034,-0.884;
484,-0.124,0.019,-0.873;
485,-0.136,0.015,-0.894;
486,-0.132,0.019,-0.894;
487,-0.128,0.015,-0.887;
488,-0.136,0.023,-0.884;
489,-0.128,0.019,-0.877;
490,-0.136,0.015,-0.877;
491,-0.139,0.023,-0.884;
492,-0.132,0.015,-0.884;
493,-0.128,0.019,-0.894;
494,-0.132,0.019,-0.884;
495,-0.151,0.019,-0.873;
496,-0.147,0.015,-0.891;
497,-0.143,0.023,-0.894;
498,-0.143,0.026,-0.884;
499,-0.139,0.019,-0.877;
500,-0.147,0.011,-0.873;
501,-0.147,0.015,-0.873;
502,-0.147,0.015,-0.884;
503,-0.147,0.023,-0.880;
504,-0.143,0.023,-0.884;
505,-0.151,0.015,-0.877;
506,-0.158,0.019,-0.873;
507,-0.154,0.015,-0.880;
508,-0.151,0.015,-0.894;
509,-0.158,0.015,-0.877;
510,-0.158,0.019,-0.880;
511,-0.158,0.008,-0.880;
512,-0.158,0.015,-0.891;
513,-0.154,0.019,-0.877;
514,-0.166,0.019,-0.884;
515,-0.166,0.019,-0.870;
516,-0.158,0.015,-0.877;
517,-0.162,0.03,-0.894;
518,-0.169,0.015,-0.880;
519,-0.166,0.019,-0.877;
520,-0.166,0.019,-0.884;
521,-0.162,0.008,-0.877;
522,-0.158,0.019,-0.880;
523,-0.154,0.019,-0.870;
524,-0.173,0.03,-0.877;
525,-0.158,0.008,-0.877;
526,-0.151,0.019,-0.873;
527,-0.162,0.019,-0.884;
528,-0.177,0.019,-0.884;
529,-0.162,0.011,-0.877;
530,-0.158,0.011,-0.880;
531,-0.158,0.011,-0.873;
532,-0.162,0.015,-0.891;
533,-0.162,0.015,-0.880;
534,-0.166,0.019,-0.873;
535,-0.173,0.011,-0.873;
536,-0.162,0.019,-0.887;
537,-0.162,0.023,-0.884;
538,-0.166,0.023,-0.877;
539,-0.166,0.008,-0.877;
540,-0.162,0.008,-0.877;
541,-0.162,0.015,-0.873;
542,-0.169,0.026,-0.880;
543,-0.166,0.004,-0.880;
544,-0.169,0.019,-0.873;
545,-0.173,0.019,-0.873;
546,-0.162,0.015,-0.866;
547,-0.158,0.019,-0.884;
548,-0.166,0.023,-0.891;
549,-0.166,0.015,-0.887;
550,-0.169,0.011,-0.880;
551,-0.158,0.023,-0.877;
552,-0.177,0.004,-0.880;
553,-0.177,0.023,-0.884;
554,-0.162,0.008,-0.877;
555,-0.166,0.015,-0.873;
556,-0.169,0.011,-0.877;
557,-0.162,0.008,-0.880;
558,-0.166,0.019,-0.884;
559,-0.173,0.015,-0.884;
560,-0.173,0.03,-0.866;
561,-0.169,0.026,-0.873;
562,-0.169,0.034,-0.891;
563,-0.173,0.019,-0.863;
564,-0.162,0.026,-0.884;
565,-0.177,0.015,-0.898;
566,-0.177,0.008,-0.873;
567,-0.169,0.008,-0.891;
568,-0.166,0.015,-0.887;
569,-0.166,0.015,-0.866;
570,-0.158,0.026,-0.866;
571,-0.177,0.011,-0.877;
572,-0.166,0.023,-0.873;
573,-0.169,0.023,-0.877;
574,-0.169,0.011,-0.880;
575,-0.162,0.011,-0.866;
576,-0.166,0.015,-0.894;
577,-0.173,0.019,-0.884;
578,-0.188,0.019,-0.894;
579,-0.173,0.03,-0.887;
580,-0.177,0.023,-0.880;
581,-0.162,0.011,-0.870;
582,-0.173,0.015,-0.870;
583,-0.169,0.019,-0.887;
584,-0.173,0.015,-0.873;
585,-0.166,0.011,-0.873;
586,-0.162,0.011,-0.877;
587,-0.169,0.019,-0.877;
588,-0.169,0.026,-0.887;
589,-0.173,0.015,-0.880;
590,-0.166,0.015,-0.877;
591,-0.166,0.011,-0.877;
592,-0.173,0.011,-0.866;
593,-0.162,0.011,-0.873;
594,-0.169,0.008,-0.880;
595,-0.173,0.019,-0.880;
596,-0.169,0.011,-0.877;
597,-0.188,0.015,-0.870;
598,-0.173,0.015,-0.880;
599,-0.173,0.015,-0.880;
600,-0.169,0.008,-0.880;
601,-0.169,0.019,-0.887;
602,-0.169,0.026,-0.870;
603,-0.166,0.019,-0.877;
604,-0.177,0.015,-0.880;
605,-0.177,0.019,-0.894;
606,-0.169,0.019,-0.877;
607,-0.169,0.023,-0.877;
608,-0.173,0.023,-0.891;
609,-0.173,0.019,-0.880;
610,-0.162,0.026,-0.894;
611,-0.169,0.023,-0.880;
612,-0.169,0.011,-0.877;
613,-0.162,0.026,-0.887;
614,-0.169,0.015,-0.873;
615,-0.169,0.023,-0.873;
616,-0.162,0.019,-0.866;
617,-0.151,0.019,-0.884;
618,-0.166,0.019,-0.870;
619,-0.166,0.026,-0.884;
620,-0.158,0.011,-0.887;
621,-0.162,0.011,-0.880;
622,-0.162,0.015,-0.873;
623,-0.169,0.019,-0.891;
624,-0.169,0.015,-0.877;
625,-0.169,0.023,-0.887;
626,-0.158,0.015,-0.880;
627,-0.147,0.023,-0.884;
628,-0.151,0.019,-0.880;
629,-0.143,0.026,-0.891;
630,-0.147,0.011,-0.887;
631,-0.147,0.019,-0.891;
632,-0.147,0.019,-0.880;
633,-0.143,0.019,-0.877;
634,-0.136,0.023,-0.880;
635,-0.139,0.019,-0.877;
636,-0.143,0.019,-0.884;
637,-0.151,0.015,-0.887;
638,-0.143,0.008,-0.870;
639,-0.132,0.023,-0.884;
640,-0.132,0.023,-0.894;
641,-0.132,0.023,-0.887;
642,-0.132,0.019,-0.880;
643,-0.12,0.011,-0.877;
644,-0.132,0.023,-0.884;
645,-0.12,0.023,-0.884;
646,-0.124,0.03,-0.891;
647,-0.12,0.023,-0.887;
648,-0.117,0.023,-0.894;
649,-0.124,0.034,-0.884;
650,-0.105,0.026,-0.894;
651,-0.109,0.026,-0.880;
652,-0.105,0.03,-0.884;
653,-0.109,0.023,-0.894;
654,-0.102,0.034,-0.873;
655,-0.102,0.026,-0.873;
656,-0.083,0.03,-0.901;
657,-0.075,0.026,-0.880;
658,-0.083,0.03,-0.894;
659,-0.094,0.041,-0.905;
660,-0.087,0.034,-0.894;
661,-0.075,0.038,-0.873;
662,-0.06,0.038,-0.870;
663,-0.056,0.03,-0.880;
664,-0.064,0.034,-0.894;
665,-0.083,0.023,-0.891;
666,-0.06,0.026,-0.884;
667,-0.06,0.038,-0.880;
668,-0.06,0.034,-0.880;
669,-0.064,0.041,-0.887;
670,-0.053,0.041,-0.880;
671,-0.049,0.038,-0.887;
672,-0.045,0.034,-0.891;
673,-0.049,0.023,-0.898;
674,-0.049,0.03,-0.877;
675,-0.03,0.026,-0.877;
676,-0.041,0.038,-0.891;
677,-0.045,0.034,-0.877;
678,-0.053,0.038,-0.887;
679,-0.041,0.034,-0.877;
680,-0.045,0.034,-0.898;
681,-0.038,0.026,-0.891;
682,-0.045,0.034,-0.884;
683,-0.038,0.034,-0.884;
684,-0.041,0.026,-0.894;
685,-0.045,0.026,-0.884;
686,-0.038,0.038,-0.880;
687,-0.034,0.034,-0.880;
688,-0.038,0.034,-0.894;
689,-0.038,0.045,-0.887;
690,-0.026,0.038,-0.887;
691,-0.03,0.041,-0.887;
692,-0.026,0.045,-0.877;
693,-0.026,0.041,-0.898;
694,-0.034,0.041,-0.894;
695,-0.038,0.034,-0.877;
696,-0.023,0.041,-0.863;
697,0.004,0.038,-0.880;
698,-0.004,0.041,-0.877;
699,-0.019,0.041,-0.915;
700,-0.026,0.041,-0.894;
701,-0.015,0.041,-0.877;
702,0.0,0.053,-0.859;
703,0.008,0.045,-0.891;
704,-0.004,0.041,-0.898;
705,-0.008,0.053,-0.891;
706,0.008,0.041,-0.898;
707,0.0,0.053,-0.884;
708,-0.004,0.034,-0.894;
709,0.0,0.056,-0.891;
710,0.011,0.041,-0.877;
711,0.004,0.045,-0.884;
712,0.0,0.045,-0.894;
713,-0.008,0.049,-0.891;
714,-0.008,0.045,-0.877;
715,0.004,0.045,-0.884;
716,0.0,0.049,-0.887;
717,0.0,0.053,-0.887;
718,-0.004,0.049,-0.877;
719,-0.004,0.049,-0.880;
720,-0.004,0.045,-0.891;
721,-0.008,0.049,-0.894;
722,-0.004,0.045,-0.880;
723,-0.004,0.049,-0.887;
724,-0.004,0.045,-0.887;
725,0.004,0.045,-0.894;
726,-0.004,0.041,-0.898;
727,-0.004,0.045,-0.880;
728,-0.008,0.049,-0.884;
729,-0.011,0.049,-0.880;
730,0.0,0.041,-0.880;
731,-0.008,0.049,-0.891;
732,-0.008,0.045,-0.894;
733,-0.015,0.049,-0.880;
734,0.0,0.041,-0.880;
735,-0.019,0.041,-0.880;
736,-0.004,0.053,-0.891;
737,0.0,0.034,-0.877;
738,-0.019,0.041,-0.894;
739,-0.034,0.045,-0.884;
740,-0.008,0.053,-0.866;
741,-0.004,0.053,-0.877;
742,-0.015,0.045,-0.884;
743,-0.026,0.049,-0.887;
744,-0.041,0.041,-0.887;
745,-0.041,0.034,-0.877;
746,-0.03,0.038,-0.877;
747,-0.045,0.041,-0.887;
748,-0.053,0.038,-0.894;
749,-0.064,0.03,-0.894;
750,-0.072,0.026,-0.887;
751,-0.079,0.03,-0.877;
752,-0.064,0.038,-0.894;
753,-0.064,0.034,-0.891;
754,-0.083,0.041,-0.884;
755,-0.068,0.038,-0.887;
756,-0.079,0.034,-0.887;
757,-0.09,0.03,-0.880;
758,-0.079,0.034,-0.880;
759,-0.087,0.038,-0.898;
760,-0.087,0.034,-0.873;
761,-0.102,0.03,-0.887;
762,-0.094,0.03,-0.898;
763,-0.098,0.026,-0.884;
764,-0.105,0.026,-0.877;
765,-0.113,0.034,-0.884;
766,-0.105,0.019,-0.877;
767,-0.109,0.023,-0.880;
768,-0.12,0.019,-0.877;
769,-0.12,0.019,-0.884;
770,-0.132,0.03,-0.891;
771,-0.143,0.023,-0.880;
772,-0.136,0.023,-0.887;
773,-0.139,0.03,-0.884;
774,-0.143,0.019,-0.884;
775,-0.136,0.015,-0.887;
776,-0.132,0.019,-0.887;
777,-0.154,0.015,-0.884;
778,-0.136,0.019,-0.884;
779,-0.136,0.023,-0.880;
780,-0.154,0.023,-0.894;
781,-0.154,0.019,-0.884;
782,-0.139,0.011,-0.877;
783,-0.147,0.023,-0.866;
784,-0.151,0.015,-0.873;
785,-0.158,0.019,-0.884;
786,-0.143,0.011,-0.877;
787,-0.151,0.015,-0.873;
788,-0.154,0.008,-0.877;
789,-0.154,0.015,-0.891;
790,-0.151,0.015,-0.887;
791,-0.158,0.019,-0.880;
792,-0.158,0.026,-0.898;
793,-0.147,0.011,-0.880;
794,-0.158,0.015,-0.877;
795,-0.154,0.019,-0.877;
796,-0.139,0.015,-0.884;
797,-0.132,0.011,-0.887;
798,-0.136,0.03,-0.870;
799,-0.139,0.023,-0.887;
800,-0.143,0.015,-0.866;
801,-0.154,0.015,-0.891;
802,-0.166,0.026,-0.891;
803,-0.158,0.019,-0.873;
804,-0.147,0.015,-0.873;
805,-0.147,0.026,-0.873;
806,-0.158,0.026,-0.880;
807,-0.154,0.019,-0.873;
808,-0.151,0.023,-0.884;
809,-0.158,0.023,-0.877;
810,-0.147,0.023,-0.877;
811,-0.147,0.019,-0.877;
812,-0.151,0.019,-0.873;
813,-0.151,0.011,-0.880;
814,-0.192,0.019,-0.859;
815,0.215,0.06,-1.013;
816,-0.245,0.056,-0.922;
817,-0.222,-0.011,-0.810;
818,-0.237,0.011,-0.821;
819,-0.128,0.019,-0.898;
820,-0.102,0.045,-0.877;
821,-0.173,0.023,-0.880;
822,-0.211,0.004,-0.852;
823,-0.162,0.026,-0.898;
824,-0.139,0.015,-0.894;
825,0.008,-0.011,-0.838;
826,-0.32,0.026,-0.894;
827,-0.222,0.03,-0.887;
828,-0.166,0.053,-0.922;
829,-0.113,0.019,-0.943;
830,0.004,0.094,-0.835;
831,0.075,0.086,-0.880;
832,0.072,0.109,-0.828;
833,-0.06,0.086,-0.842;
834,-0.177,0.053,-0.894;
835,-0.267,0.03,-0.901;
836,-0.275,0.045,-0.891;
837,-0.196,0.086,-0.891;
838,-0.105,0.079,-0.905;
839,-0.109,0.075,-0.912;
840,-0.109,0.045,-0.880;
841,-0.105,0.06,-0.887;
842,-0.102,0.045,-0.891;
843,-0.12,0.068,-0.887;
844,-0.12,0.075,-0.898;
845,-0.162,0.045,-0.915;
846,0.011,0.019,-0.901;
847,-0.079,0.045,-0.810;
848,-0.087,0.075,-0.873;
849,-0.094,0.045,-0.880;
850,-0.09,0.056,-0.880;
851,-0.105,0.056,-0.880;
852,-0.087,0.049,-0.880;
853,-0.087,0.053,-0.870;
854,-0.102,0.06,-0.884;
855,-0.098,0.045,-0.880;
856,-0.094,0.045,-0.884;
857,-0.094,0.064,-0.894;
858,-0.09,0.053,-0.884;
859,-0.09,0.06,-0.877;
860,-0.09,0.049,-0.877;
861,-0.098,0.045,-0.887;
862,-0.083,0.045,-0.877;
863,-0.087,0.049,-0.891;
864,-0.09,0.056,-0.873;
865,-0.087,0.049,-0.898;
866,-0.087,0.053,-0.901;
867,-0.109,0.053,-0.877;
868,-0.094,0.064,-0.891;
869,-0.09,0.053,-0.884;
870,-0.083,0.056,-0.880;
871,-0.087,0.064,-0.873;
872,-0.09,0.06,-0.877;
873,-0.087,0.053,-0.880;
874,-0.098,0.056,-0.880;
875,-0.083,0.056,-0.884;
876,-0.064,0.049,-0.880;
877,-0.079,0.053,-0.884;
878,-0.117,0.049,-0.884;
879,-0.117,0.053,-0.891;
880,-0.094,0.06,-0.894;
881,-0.098,0.056,-0.898;
882,-0.094,0.056,-0.894;
883,-0.083,0.056,-0.866;
884,-0.094,0.056,-0.887;
885,-0.094,0.053,-0.884;
886,-0.094,0.038,-0.891;
887,-0.102,0.049,-0.894;
888,-0.109,0.049,-0.891;
889,-0.098,0.064,-0.877;
890,-0.094,0.068,-0.880;
891,-0.094,0.049,-0.870;
892,-0.098,0.056,-0.884;
893,-0.102,0.045,-0.880;
894,-0.105,0.053,-0.891;
895,-0.098,0.045,-0.880;
896,-0.098,0.056,-0.884;
897,-0.102,0.049,-0.884;
898,-0.113,0.056,-0.873;
899,-0.098,0.06,-0.880;
900,-0.098,0.06,-0.887;
901,-0.094,0.064,-0.877;
902,-0.098,0.056,-0.873;
903,-0.094,0.056,-0.884;
904,-0.102,0.049,-0.887;
905,-0.102,0.064,-0.887;
906,-0.105,0.056,-0.884;
907,-0.102,0.056,-0.887;
908,-0.098,0.056,-0.877;
909,-0.098,0.068,-0.880;
910,-0.098,0.06,-0.880;
911,-0.105,0.053,-0.870;
912,-0.102,0.06,-0.898;
913,-0.098,0.045,-0.887;
914,-0.102,0.06,-0.877;
915,-0.105,0.064,-0.887;
916,-0.109,0.06,-0.884;
917,-0.094,0.056,-0.884;
918,-0.109,0.06,-0.894;
919,-0.105,0.071,-0.884;
920,-0.098,0.053,-0.887;
921,-0.105,0.056,-0.884;
922,-0.105,0.053,-0.887;
923,-0.109,0.056,-0.894;
924,-0.117,0.068,-0.891;
925,-0.105,0.056,-0.887;
926,-0.102,0.068,-0.880;
927,-0.098,0.064,-0.887;
928,-0.098,0.06,-0.887;
929,-0.079,0.053,-0.887;
930,-0.094,0.056,-0.891;
931,-0.094,0.053,-0.891;
932,-0.083,0.06,-0.877;
933,-0.09,0.056,-0.887;
934,-0.087,0.056,-0.887;
935,-0.087,0.056,-0.887;
936,-0.09,0.06,-0.901;
937,-0.087,0.06,-0.891;
938,-0.094,0.075,-0.873;
939,-0.094,0.075,-0.873;
940,-0.075,0.075,-0.873;
941,-0.079,0.06,-0.880;
942,-0.083,0.068,-0.877;
943,-0.087,0.079,-0.884;
944,-0.087,0.064,-0.884;
945,-0.083,0.075,-0.891;
946,-0.079,0.075,-0.887;
947,-0.083,0.064,-0.880;
948,-0.083,0.071,-0.898;
949,-0.075,0.064,-0.870;
950,-0.072,0.068,-0.863;
951,-0.056,0.075,-0.873;
952,-0.064,0.064,-0.880;
953,-0.064,0.068,-0.891;
954,-0.064,0.068,-0.880;
955,-0.079,0.064,-0.877;
956,-0.068,0.075,-0.873;
957,-0.045,0.053,-0.873;
958,-0.064,0.071,-0.877;
959,-0.064,0.064,-0.905;
960,-0.064,0.075,-0.898;
961,-0.06,0.071,-0.870;
962,-0.053,0.068,-0.873;
963,-0.053,0.075,-0.891;
964,-0.049,0.064,-0.887;
965,-0.053,0.053,-0.887;
966,-0.064,0.064,-0.887;
967,-0.06,0.071,-0.884;
968,-0.049,0.079,-0.880;
969,-0.053,0.068,-0.880;
970,-0.053,0.079,-0.887;
971,-0.053,0.068,-0.887;
972,-0.034,0.079,-0.880;
973,-0.038,0.071,-0.884;
974,-0.045,0.071,-0.884;
975,-0.045,0.071,-0.873;
976,-0.038,0.075,-0.887;
977,-0.049,0.068,-0.887;
978,-0.045,0.071,-0.873;
979,-0.045,0.068,-0.880;
980,-0.045,0.083,-0.891;
981,-0.041,0.083,-0.898;
982,-0.045,0.064,-0.873;
983,-0.045,0.071,-0.877;
984,-0.038,0.083,-0.887;
985,-0.034,0.071,-0.891;
986,-0.038,0.075,-0.887;
987,-0.049,0.071,-0.884;
988,-0.053,0.075,-0.891;
989,-0.038,0.079,-0.884;
990,-0.038,0.068,-0.908;
991,-0.049,0.071,-0.887;
992,-0.041,0.064,-0.873;
993,-0.038,0.071,-0.877;
994,-0.023,0.075,-0.901;
995,-0.041,0.068,-0.891;
996,-0.041,0.071,-0.866;
997,-0.045,0.064,-0.859;
998,-0.041,0.075,-0.859;
999,-0.034,0.079,-0.915;
1000,-0.038,0.086,-0.891;
1001,-0.049,0.075,-0.852;
1002,-0.034,0.079,-0.852;
1003,-0.026,0.075,-0.894;
1004,-0.038,0.068,-0.905;
1005,-0.045,0.079,-0.880;
1006,-0.038,0.064,-0.870;
1007,-0.03,0.064,-0.877;
1008,-0.026,0.068,-0.905;
1009,-0.034,0.068,-0.922;
1010,-0.049,0.06,-0.894;
1011,-0.06,0.06,-0.866;
1012,-0.041,0.064,-0.880;
1013,-0.041,0.053,-0.898;
1014,-0.045,0.06,-0.894;
1015,-0.049,0.06,-0.901;
1016,-0.049,0.06,-0.887;
1017,-0.053,0.06,-0.873;
1018,-0.041,0.071,-0.891;
1019,-0.041,0.06,-0.891;
1020,-0.06,0.064,-0.894;
1021,-0.064,0.06,-0.884;
1022,-0.056,0.068,-0.873;
1023,-0.056,0.064,-0.884;
1024,-0.053,0.056,-0.880;
1025,-0.053,0.056,-0.880;
1026,-0.064,0.06,-0.887;
1027,-0.064,0.064,-0.894;
1028,-0.072,0.071,-0.891;
1029,-0.072,0.064,-0.884;
1030,-0.064,0.053,-0.887;
1031,-0.075,0.056,-0.891;
1032,-0.075,0.053,-0.884;
1033,-0.068,0.053,-0.891;
1034,-0.083,0.068,-0.894;
1035,-0.079,0.06,-0.887;
1036,-0.072,0.056,-0.891;
1037,-0.075,0.049,-0.884;
1038,-0.072,0.049,-0.891;
1039,-0.075,0.053,-0.891;
1040,-0.079,0.056,-0.884;
1041,-0.087,0.056,-0.884;
1042,-0.087,0.06,-0.880;
1043,-0.079,0.053,-0.877;
1044,-0.079,0.06,-0.873;
1045,-0.079,0.049,-0.887;
1046,-0.075,0.049,-0.887;
1047,-0.083,0.053,-0.884;
1048,-0.09,0.056,-0.884;
1049,-0.09,0.045,-0.891;
1050,-0.083,0.041,-0.884;
1051,-0.079,0.049,-0.884;
1052,-0.102,0.056,-0.901;
1053,-0.094,0.045,-0.894;
1054,-0.087,0.03,-0.880;
1055,-0.087,0.056,-0.884;
1056,-0.075,0.045,-0.887;
1057,-0.083,0.049,-0.894;
1058,-0.094,0.041,-0.894;
1059,-0.09,0.045,-0.880;
1060,-0.079,0.041,-0.877;
1061,-0.087,0.053,-0.880;
1062,-0.102,0.045,-0.898;
1063,-0.109,0.045,-0.884;
1064,-0.087,0.03,-0.873;
1065,-0.09,0.038,-0.887;
1066,-0.105,0.053,-0.891;
1067,-0.098,0.045,-0.880;
1068,-0.098,0.049,-0.887;
1069,-0.098,0.049,-0.884;
1070,-0.098,0.053,-0.887;
1071,-0.098,0.041,-0.884;
1072,-0.098,0.045,-0.880;
1073,-0.098,0.041,-0.894;
1074,-0.098,0.045,-0.877;
1075,-0.098,0.053,-0.887;
1076,-0.094,0.049,-0.887;
1077,-0.117,0.053,-0.901;
1078,-0.102,0.049,-0.884;
1079,-0.105,0.06,-0.894;
1080,-0.098,0.041,-0.877;
1081,-0.102,0.056,-0.887;
1082,-0.09,0.056,-0.891;
1083,-0.098,0.045,-0.884;
1084,-0.098,0.053,-0.891;
1085,-0.105,0.049,-0.884;
1086,-0.109,0.041,-0.887;
1087,-0.109,0.045,-0.884;
1088,-0.105,0.053,-0.870;
1089,-0.094,0.049,-0.880;
1090,-0.102,0.053,-0.891;
1091,-0.094,0.056,-0.884;
1092,-0.094,0.03,-0.873;
1093,-0.105,0.049,-0.873;
1094,-0.09,0.038,-0.884;
1095,-0.105,0.053,-0.901;
1096,-0.102,0.045,-0.880;
1097,-0.102,0.045,-0.891;
1098,-0.109,0.06,-0.880;
1099,-0.109,0.049,-0.898;
1100,-0.109,0.041,-0.891;
1101,-0.109,0.06,-0.894;
1102,-0.098,0.038,-0.880;
1103,-0.094,0.045,-0.884;
1104,-0.102,0.041,-0.880;
1105,-0.098,0.045,-0.877;
1106,-0.117,0.049,-0.887;
1107,-0.109,0.045,-0.877;
1108,-0.109,0.06,-0.887;
1109,-0.102,0.056,-0.877;
1110,-0.098,0.049,-0.880;
1111,-0.105,0.049,-0.877;
1112,-0.098,0.045,-0.870;
1113,-0.105,0.038,-0.887;
1114,-0.105,0.049,-0.880;
1115,-0.102,0.034,-0.891;
1116,-0.105,0.045,-0.880;
1117,-0.098,0.045,-0.880;
1118,-0.117,0.06,-0.891;
1119,-0.105,0.049,-0.891;
1120,-0.109,0.049,-0.887;
1121,-0.09,0.034,-0.870;
1122,-0.109,0.045,-0.873;
1123,-0.109,0.056,-0.887;
1124,-0.105,0.049,-0.894;
1125,-0.102,0.041,-0.873;
1126,-0.094,0.041,-0.877;
1127,-0.105,0.071,-0.887;
1128,-0.098,0.049,-0.884;
1129,-0.098,0.049,-0.894;
1130,-0.094,0.045,-0.877;
1131,-0.102,0.049,-0.877;
1132,-0.102,0.068,-0.873;
1133,-0.09,0.045,-0.863;
1134,-0.102,0.049,-0.873;
1135,-0.109,0.056,-0.901;
1136,-0.098,0.045,-0.880;
1137,-0.105,0.049,-0.880;
1138,-0.109,0.053,-0.891;
1139,-0.102,0.045,-0.877;
1140,-0.105,0.049,-0.887;
1141,-0.098,0.038,-0.880;
1142,-0.098,0.041,-0.887;
1143,-0.105,0.034,-0.880;
1144,-0.105,0.045,-0.901;
1145,-0.109,0.038,-0.880;
1146,-0.102,0.049,-0.880;
1147,-0.098,0.049,-0.887;
1148,-0.105,0.053,-0.884;
1149,-0.105,0.041,-0.877;
1150,-0.109,0.056,-0.891;
1151,-0.098,0.049,-0.894;
1152,-0.102,0.045,-0.880;
1153,-0.105,0.053,-0.880;
1154,-0.105,0.049,-0.891;
1155,-0.102,0.045,-0.880;
1156,-0.105,0.03,-0.880;
1157,-0.12,0.045,-0.891;
1158,-0.105,0.045,-0.884;
1159,-0.113,0.049,-0.877;
1160,-0.105,0.045,-0.884;
1161,-0.09,0.045,-0.870;
1162,-0.117,0.056,-0.884;
1163,-0.098,0.038,-0.891;
1164,-0.113,0.056,-0.887;
1165,-0.105,0.041,-0.884;
1166,-0.117,0.053,-0.894;
1167,-0.105,0.045,-0.887;
1168,-0.105,0.045,-0.880;
1169,-0.109,0.053,-0.887;
1170,-0.105,0.06,-0.880;
1171,-0.113,0.056,-0.877;
1172,-0.109,0.053,-0.866;
1173,-0.113,0.053,-0.894;
1174,-0.109,0.045,-0.877;
1175,-0.105,0.053,-0.891;
1176,-0.113,0.053,-0.891;
1177,-0.113,0.049,-0.880;
1178,-0.113,0.056,-0.884;
1179,-0.105,0.056,-0.880;
1180,-0.09,0.06,-0.884;
1181,-0.113,0.064,-0.891;
1182,-0.105,0.053,-0.887;
1183,-0.094,0.045,-0.873;
1184,-0.105,0.056,-0.880;
1185,-0.117,0.049,-0.891;
1186,-0.102,0.056,-0.901;
1187,-0.105,0.049,-0.891;
1188,-0.098,0.056,-0.887;
1189,-0.094,0.056,-0.877;
1190,-0.098,0.064,-0.887;
1191,-0.098,0.064,-0.877;
1192,-0.094,0.049,-0.884;
1193,-0.094,0.06,-0.901;
1194,-0.09,0.038,-0.887;
1195,-0.094,0.053,-0.891;
1196,-0.094,0.071,-0.891;
1197,-0.09,0.071,-0.891;
1198,-0.083,0.056,-0.870;
1199,-0.09,0.053,-0.887;
1200,-0.087,0.075,-0.880;
1201,-0.083,0.053,-0.894;
1202,-0.09,0.049,-0.880;
1203,-0.094,0.064,-0.880;
1204,-0.09,0.056,-0.873;
1205,-0.075,0.06,-0.880;
1206,-0.075,0.056,-0.884;
1207,-0.075,0.056,-0.877;
1208,-0.079,0.064,-0.877;
1209,-0.068,0.056,-0.877;
1210,-0.075,0.06,-0.877;
1211,-0.072,0.06,-0.887;
1212,-0.079,0.06,-0.880;
1213,-0.072,0.06,-0.870;
1214,-0.072,0.06,-0.880;
1215,-0.068,0.064,-0.891;
1216,-0.079,0.068,-0.884;
1217,-0.075,0.064,-0.880;
1218,-0.072,0.053,-0.870;
1219,-0.056,0.06,-0.873;
1220,-0.064,0.06,-0.887;
1221,-0.075,0.056,-0.884;
1222,-0.072,0.06,-0.891;
1223,-0.064,0.064,-0.887;
1224,-0.064,0.064,-0.884;
1225,-0.064,0.075,-0.880;
1226,-0.064,0.071,-0.880;
1227,-0.064,0.064,-0.891;
1228,-0.068,0.068,-0.887;
1229,-0.072,0.071,-0.873;
1230,-0.064,0.06,-0.880;
1231,-0.064,0.071,-0.884;
1232,-0.056,0.064,-0.887;
1233,-0.06,0.068,-0.887;
1234,-0.064,0.068,-0.884;
1235,-0.056,0.056,-0.887;
1236,-0.064,0.064,-0.887;
1237,-0.06,0.068,-0.894;
1238,-0.064,0.064,-0.870;
1239,-0.064,0.064,-0.880;
1240,-0.056,0.068,-0.884;
1241,-0.064,0.068,-0.898;
1242,-0.06,0.056,-0.880;
1243,-0.072,0.068,-0.884;
1244,-0.064,0.071,-0.887;
1245,-0.068,0.064,-0.887;
1246,-0.06,0.06,-0.887;
1247,-0.064,0.064,-0.887;
1248,-0.056,0.056,-0.887;
1249,-0.06,0.075,-0.898;
1250,-0.064,0.064,-0.891;
1251,-0.053,0.056,-0.873;
1252,-0.056,0.064,-0.873;
1253,-0.053,0.075,-0.894;
1254,-0.056,0.064,-0.884;
1255,-0.064,0.068,-0.873;
1256,-0.06,0.079,-0.884;
1257,-0.049,0.056,-0.891;
1258,-0.056,0.068,-0.870;
1259,-0.053,0.064,-0.891;
1260,-0.064,0.068,-0.880;
1261,-0.053,0.06,-0.905;
1262,-0.056,0.064,-0.880;
1263,-0.06,0.064,-0.859;
1264,-0.056,0.079,-0.884;
1265,-0.041,0.053,-0.898;
1266,-0.053,0.071,-0.884;
1267,-0.064,0.071,-0.884;
1268,-0.053,0.064,-0.880;
1269,-0.06,0.071,-0.880;
1270,-0.06,0.071,-0.887;
1271,-0.053,0.075,-0.887;
1272,-0.06,0.075,-0.887;
1273,-0.056,0.06,-0.891;
1274,-0.064,0.068,-0.877;
1275,-0.053,0.071,-0.880;
1276,-0.049,0.064,-0.873;
1277,-0.053,0.06,-0.877;
1278,-0.06,0.064,-0.894;
1279,-0.053,0.071,-0.880;
1280,-0.056,0.071,-0.880;
1281,-0.056,0.071,-0.884;
1282,-0.056,0.068,-0.884;
1283,-0.056,0.06,-0.877;
1284,-0.064,0.064,-0.884;
1285,-0.06,0.056,-0.894;
1286,-0.053,0.056,-0.884;
1287,-0.072,0.068,-0.884;
1288,-0.06,0.064,-0.884;
1289,-0.06,0.06,-0.880;
1290,-0.06,0.064,-0.887;
1291,-0.064,0.056,-0.884;
1292,-0.06,0.056,-0.884;
1293,-0.072,0.053,-0.884;
1294,-0.075,0.06,-0.891;
1295,-0.064,0.049,-0.884;
1296,-0.072,0.045,-0.877;
1297,-0.079,0.056,-0.891;
1298,-0.064,0.049,-0.884;
1299,-0.075,0.045,-0.884;
1300,-0.072,0.053,-0.898;
1301,-0.072,0.049,-0.884;
1302,-0.072,0.056,-0.891;
1303,-0.068,0.053,-0.884;
1304,-0.068,0.053,-0.891;
1305,-0.072,0.045,-0.877;
1306,-0.079,0.045,-0.891;
1307,-0.068,0.041,-0.894;
1308,-0.075,0.049,-0.884;
1309,-0.079,0.053,-0.884;
1310,-0.072,0.049,-0.887;
1311,-0.075,0.034,-0.884;
1312,-0.075,0.045,-0.884;
1313,-0.087,0.053,-0.891;
1314,-0.072,0.045,-0.866;
1315,-0.072,0.038,-0.887;
1316,-0.075,0.041,-0.880;
1317,-0.068,0.041,-0.891;
1318,-0.083,0.038,-0.891;
1319,-0.075,0.038,-0.877;
1320,-0.075,0.045,-0.887;
1321,-0.094,0.049,-0.884;
1322,-0.079,0.045,-0.884;
1323,-0.083,0.045,-0.894;
1324,-0.09,0.034,-0.894;
1325,-0.094,0.049,-0.894;
1326,-0.083,0.03,-0.884;
1327,-0.09,0.049,-0.880;
1328,-0.083,0.034,-0.880;
1329,-0.087,0.03,-0.887;
1330,-0.094,0.034,-0.891;
1331,-0.094,0.034,-0.880;
1332,-0.09,0.038,-0.884;
1333,-0.094,0.038,-0.891;
1334,-0.102,0.038,-0.894;
1335,-0.094,0.038,-0.884;
1336,-0.098,0.041,-0.884;
1337,-0.087,0.034,-0.884;
1338,-0.094,0.034,-0.884;
1339,-0.09,0.038,-0.880;
1340,-0.102,0.053,-0.873;
1341,-0.098,0.038,-0.887;
1342,-0.109,0.045,-0.898;
1343,-0.094,0.03,-0.880;
1344,-0.087,0.034,-0.894;
1345,-0.098,0.038,-0.894;
1346,-0.098,0.038,-0.873;
1347,-0.098,0.049,-0.873;
1348,-0.087,0.038,-0.873;
1349,-0.087,0.041,-0.880;
1350,-0.105,0.041,-0.891;
1351,-0.09,0.041,-0.891;
1352,-0.09,0.038,-0.877;
1353,-0.098,0.038,-0.884;
1354,-0.102,0.034,-0.898;
1355,-0.094,0.038,-0.891;
1356,-0.094,0.038,-0.877;
1357,-0.083,0.03,-0.884;
1358,-0.094,0.034,-0.873;
1359,-0.09,0.034,-0.873;
1360,-0.105,0.038,-0.880;
1361,-0.098,0.045,-0.898;
1362,-0.094,0.03,-0.880;
1363,-0.098,0.038,-0.901;
1364,-0.098,0.045,-0.891;
1365,-0.098,0.038,-0.884;
1366,-0.098,0.038,-0.880;
1367,-0.105,0.03,-0.880;
1368,-0.105,0.049,-0.887;
1369,-0.105,0.038,-0.880;
1370,-0.098,0.03,-0.880;
1371,-0.098,0.045,-0.877;
1372,-0.098,0.038,-0.877;
1373,-0.109,0.03,-0.877;
1374,-0.098,0.03,-0.884;
1375,-0.087,0.038,-0.894;
1376,-0.094,0.038,-0.877;
1377,-0.102,0.038,-0.891;
1378,-0.098,0.026,-0.884;
1379,-0.102,0.041,-0.891;
1380,-0.113,0.041,-0.891;
1381,-0.094,0.034,-0.873;
1382,-0.102,0.034,-0.887;
1383,-0.105,0.045,-0.891;
1384,-0.098,0.041,-0.877;
1385,-0.09,0.049,-0.887;
1386,-0.098,0.034,-0.884;
1387,-0.094,0.03,-0.880;
1388,-0.102,0.049,-0.891;
1389,-0.12,0.041,-0.880;
1390,-0.098,0.053,-0.898;
1391,-0.102,0.034,-0.887;
1392,-0.105,0.045,-0.873;
1393,-0.098,0.045,-0.870;
1394,-0.102,0.041,-0.880;
1395,-0.105,0.053,-0.894;
1396,-0.105,0.041,-0.898;
1397,-0.102,0.03,-0.891;
1398,-0.087,0.038,-0.870;
1399,-0.109,0.041,-0.894;
1400,-0.113,0.038,-0.891;
1401,-0.105,0.034,-0.887;
1402,-0.105,0.03,-0.891;
1403,-0.105,0.038,-0.887;
1404,-0.102,0.034,-0.880;
1405,-0.105,0.034,-0.901;
1406,-0.117,0.034,-0.887;
1407,-0.102,0.03,-0.880;
1408,-0.113,0.03,-0.873;
1409,-0.102,0.045,-0.887;
1410,-0.105,0.038,-0.873;
1411,-0.102,0.026,-0.880;
1412,-0.105,0.045,-0.884;
1413,-0.109,0.041,-0.884;
1414,-0.117,0.041,-0.891;
1415,-0.102,0.041,-0.880;
1416,-0.105,0.034,-0.887;
1417,-0.105,0.023,-0.887;
1418,-0.113,0.038,-0.877;
1419,-0.102,0.034,-0.880;
1420,-0.098,0.034,-0.880;
1421,-0.102,0.034,-0.887;
1422,-0.102,0.038,-0.877;
1423,-0.109,0.041,-0.891;
1424,-0.113,0.023,-0.880;
1425,-0.109,0.038,-0.884;
1426,-0.117,0.041,-0.887;
1427,-0.105,0.045,-0.877;
1428,-0.098,0.041,-0.887;
1429,-0.105,0.041,-0.880;
1430,-0.102,0.038,-0.873;
1431,-0.109,0.041,-0.880;
1432,-0.102,0.045,-0.877;
1433,-0.109,0.041,-0.877;
1434,-0.102,0.041,-0.894;
1435,-0.109,0.038,-0.873;
1436,-0.109,0.03,-0.891;
1437,-0.105,0.041,-0.887;
1438,-0.109,0.041,-0.873;
1439,-0.117,0.053,-0.891;
1440,-0.105,0.041,-0.863;
1441,-0.094,0.045,-0.884;
1442,-0.113,0.053,-0.891;
1443,-0.109,0.041,-0.887;
1444,-0.109,0.045,-0.884;
1445,-0.102,0.038,-0.884;
1446,-0.12,0.045,-0.891;
1447,-0.102,0.034,-0.891;
1448,-0.102,0.041,-0.877;
1449,-0.105,0.045,-0.887;
1450,-0.109,0.041,-0.884;
1451,-0.105,0.038,-0.894;
1452,-0.105,0.038,-0.877;
1453,-0.105,0.045,-0.873;
1454,-0.105,0.041,-0.884;
1455,-0.105,0.034,-0.891;
1456,-0.109,0.038,-0.891;
1457,-0.105,0.041,-0.887;
1458,-0.098,0.049,-0.880;
1459,-0.102,0.049,-0.884;
1460,-0.105,0.053,-0.891;
1461,-0.105,0.053,-0.891;
1462,-0.105,0.053,-0.887;
1463,-0.113,0.049,-0.884;
1464,-0.105,0.06,-0.884;
1465,-0.105,0.041,-0.894;
1466,-0.105,0.045,-0.884;
1467,-0.109,0.049,-0.898;
1468,-0.09,0.038,-0.887;
1469,-0.087,0.041,-0.877;
1470,-0.105,0.053,-0.887;
1471,-0.105,0.049,-0.891;
1472,-0.102,0.053,-0.880;
1473,-0.094,0.053,-0.891;
1474,-0.098,0.053,-0.891;
1475,-0.102,0.049,-0.891;
1476,-0.094,0.053,-0.880;
1477,-0.098,0.06,-0.884;
1478,-0.094,0.06,-0.884;
1479,-0.094,0.049,-0.887;
1480,-0.098,0.045,-0.898;
1481,-0.09,0.049,-0.887;
1482,-0.083,0.049,-0.884;
1483,-0.087,0.053,-0.877;
1484,-0.098,0.041,-0.870;
1485,-0.094,0.049,-0.891;
1486,-0.098,0.045,-0.894;
1487,-0.098,0.064,-0.891;
1488,-0.09,0.068,-0.870;
1489,-0.087,0.049,-0.873;
1490,-0.079,0.056,-0.887;
1491,-0.083,0.053,-0.884;
1492,-0.087,0.053,-0.880;
1493,-0.072,0.056,-0.877;
1494,-0.087,0.053,-0.873;
1495,-0.075,0.056,-0.891;
1496,-0.079,0.053,-0.887;
1497,-0.075,0.053,-0.887;
1498,-0.087,0.056,-0.891;
1499,-0.075,0.053,-0.887;
1500,-0.079,0.053,-0.891;
1501,-0.083,0.053,-0.887;
1502,-0.087,0.053,-0.887;
1503,-0.079,0.06,-0.877;
1504,-0.075,0.056,-0.884;
1505,-0.087,0.06,-0.884;
1506,-0.083,0.06,-0.884;
1507,-0.079,0.068,-0.873;
1508,-0.079,0.064,-0.880;
1509,-0.072,0.053,-0.891;
1510,-0.079,0.053,-0.891;
1511,-0.075,0.06,-0.884;
1512,-0.079,0.064,-0.887;
1513,-0.075,0.06,-0.887;
1514,-0.083,0.06,-0.887;
1515,-0.072,0.068,-0.880;
1516,-0.075,0.06,-0.880;
1517,-0.083,0.053,-0.887;
1518,-0.083,0.064,-0.887;
1519,-0.079,0.068,-0.884;
1520,-0.087,0.068,-0.877;
1521,-0.075,0.071,-0.887;
1522,-0.075,0.064,-0.880;
1523,-0.072,0.053,-0.891;
1524,-0.068,0.056,-0.898;
1525,-0.068,0.049,-0.873;
1526,-0.079,0.071,-0.887;
1527,-0.068,0.064,-0.884;
1528,-0.075,0.06,-0.884;
1529,-0.079,0.068,-0.915;
1530,-0.079,0.071,-0.873;
1531,-0.072,0.071,-0.859;
1532,-0.06,0.075,-0.873;
1533,-0.056,0.068,-0.891;
1534,-0.056,0.064,-0.891;
1535,-0.064,0.06,-0.887;
1536,-0.068,0.071,-0.873;
1537,-0.06,0.071,-0.873;
1538,-0.064,0.068,-0.887;
1539,-0.053,0.071,-0.901;
1540,-0.06,0.06,-0.880;
1541,-0.06,0.056,-0.880;
1542,-0.064,0.064,-0.884;
1543,-0.064,0.064,-0.891;
1544,-0.056,0.06,-0.894;
1545,-0.072,0.068,-0.901;
1546,-0.068,0.056,-0.866;
1547,-0.06,0.056,-0.873;
1548,-0.06,0.064,-0.884;
1549,-0.064,0.064,-0.884;
1550,-0.056,0.053,-0.887;
1551,-0.06,0.056,-0.880;
1552,-0.068,0.056,-0.887;
1553,-0.06,0.053,-0.880;
1554,-0.068,0.06,-0.880;
1555,-0.06,0.053,-0.887;
1556,-0.06,0.056,-0.884;
1557,-0.056,0.049,-0.884;
1558,-0.072,0.056,-0.891;
1559,-0.075,0.053,-0.887;
1560,-0.075,0.056,-0.891;
1561,-0.075,0.056,-0.887;
1562,-0.083,0.064,-0.891;
1563,-0.064,0.049,-0.884;
1564,-0.079,0.06,-0.884;
1565,-0.087,0.056,-0.891;
1566,-0.075,0.056,-0.887;
1567,-0.087,0.053,-0.884;
1568,-0.075,0.056,-0.884;
1569,-0.068,0.049,-0.884;
1570,-0.087,0.045,-0.880;
1571,-0.083,0.056,-0.891;
1572,-0.079,0.049,-0.884;
1573,-0.079,0.053,-0.873;
1574,-0.079,0.053,-0.880;
1575,-0.079,0.049,-0.891;
1576,-0.075,0.049,-0.891;
1577,-0.094,0.053,-0.891;
1578,-0.087,0.049,-0.880;
1579,-0.087,0.049,-0.880;
1580,-0.087,0.06,-0.887;
1581,-0.087,0.056,-0.894;
1582,-0.094,0.049,-0.894;
1583,-0.09,0.049,-0.891;
1584,-0.087,0.049,-0.884;
1585,-0.079,0.045,-0.887;
1586,-0.083,0.045,-0.884;
1587,-0.09,0.049,-0.884;
1588,-0.09,0.053,-0.891;
1589,-0.083,0.045,-0.884;
1590,-0.083,0.056,-0.891;
1591,-0.094,0.045,-0.887;
1592,-0.09,0.045,-0.884;
1593,-0.098,0.053,-0.887;
1594,-0.098,0.049,-0.884;
1595,-0.098,0.038,-0.884;
1596,-0.09,0.041,-0.873;
1597,-0.098,0.049,-0.877;
1598,-0.098,0.038,-0.884;
1599,-0.102,0.049,-0.894;
1600,-0.098,0.041,-0.887;
1601,-0.105,0.045,-0.884;
1602,-0.102,0.041,-0.877;
1603,-0.105,0.049,-0.873;
1604,-0.105,0.041,-0.877;
1605,-0.098,0.038,-0.873;
1606,-0.102,0.041,-0.887;
1607,-0.105,0.041,-0.880;
1608,-0.109,0.041,-0.880;
1609,-0.105,0.049,-0.891;
1610,-0.117,0.06,-0.884;
1611,-0.105,0.041,-0.863;
1612,-0.105,0.045,-0.884;
1613,-0.113,0.041,-0.891;
1614,-0.113,0.045,-0.891;
1615,-0.117,0.049,-0.898;
1616,-0.109,0.041,-0.887;
1617,-0.113,0.041,-0.884;
1618,-0.109,0.038,-0.870;
1619,-0.102,0.06,-0.887;
1620,-0.109,0.041,-0.884;
1621,-0.102,0.049,-0.891;
1622,-0.109,0.038,-0.884;
1623,-0.109,0.038,-0.873;
1624,-0.109,0.041,-0.880;
1625,-0.102,0.041,-0.891;
1626,-0.109,0.041,-0.884;
1627,-0.109,0.038,-0.873;
1628,-0.109,0.034,-0.891;
1629,-0.105,0.045,-0.873;
1630,-0.105,0.041,-0.884;
1631,-0.105,0.038,-0.887;
1632,-0.102,0.034,-0.873;
1633,-0.098,0.038,-0.880;
1634,-0.113,0.041,-0.891;
1635,-0.113,0.03,-0.880;
1636,-0.105,0.034,-0.887;
1637,-0.109,0.038,-0.884;
1638,-0.117,0.045,-0.891;
1639,-0.117,0.038,-0.891;
1640,-0.102,0.034,-0.884;
1641,-0.117,0.041,-0.870;
1642,-0.109,0.041,-0.894;
1643,-0.113,0.041,-0.884;
1644,-0.117,0.038,-0.894;
1645,-0.113,0.041,-0.884;
1646,-0.098,0.034,-0.884;
1647,-0.109,0.045,-0.880;
1648,-0.102,0.041,-0.884;
1649,-0.128,0.053,-0.887;
1650,-0.113,0.045,-0.880;
1651,-0.105,0.03,-0.891;
1652,-0.105,0.045,-0.873;
1653,-0.113,0.038,-0.880;
1654,-0.105,0.038,-0.887;
1655,-0.113,0.038,-0.887;
1656,-0.113,0.045,-0.887;
1657,-0.109,0.049,-0.884;
1658,-0.109,0.038,-0.887;
1659,-0.109,0.045,-0.880;
1660,-0.117,0.049,-0.877;
1661,-0.098,0.038,-0.877;
1662,-0.094,0.038,-0.873;
1663,-0.109,0.041,-0.891;
1664,-0.109,0.034,-0.880;
1665,-0.113,0.041,-0.887;
1666,-0.113,0.045,-0.870;
1667,-0.102,0.038,-0.880;
1668,-0.102,0.045,-0.877;
1669,-0.109,0.038,-0.887;
1670,-0.102,0.041,-0.877;
1671,-0.098,0.038,-0.877;
1672,-0.102,0.041,-0.887;
1673,-0.105,0.041,-0.894;
1674,-0.109,0.038,-0.884;
1675,-0.098,0.038,-0.887;
1676,-0.105,0.038,-0.880;
1677,-0.113,0.049,-0.891;
1678,-0.109,0.049,-0.884;
1679,-0.102,0.038,-0.884;
1680,-0.102,0.049,-0.877;
1681,-0.109,0.038,-0.873;
1682,-0.105,0.038,-0.884;
1683,-0.105,0.045,-0.880;
1684,-0.109,0.041,-0.884;
1685,-0.102,0.045,-0.880;
1686,-0.102,0.041,-0.877;
1687,-0.117,0.045,-0.898;
1688,-0.113,0.041,-0.884;
1689,-0.109,0.038,-0.877;
1690,-0.105,0.034,-0.877;
1691,-0.098,0.034,-0.887;
1692,-0.109,0.03,-0.887;
1693,-0.105,0.03,-0.873;
1694,-0.113,0.045,-0.898;
1695,-0.113,0.049,-0.884;
1696,-0.105,0.034,-0.880;
1697,-0.109,0.034,-0.891;
1698,-0.102,0.041,-0.884;
1699,-0.109,0.041,-0.884;
1700,-0.105,0.045,-0.877;
1701,-0.113,0.049,-0.887;
1702,-0.102,0.038,-0.873;
1703,-0.105,0.049,-0.887;
1704,-0.109,0.038,-0.877;
1705,-0.12,0.049,-0.891;
1706,-0.117,0.049,-0.891;
1707,-0.113,0.049,-0.898;
1708,-0.113,0.049,-0.887;
1709,-0.105,0.038,-0.873;
1710,-0.12,0.049,-0.887;
1711,-0.105,0.053,-0.884;
1712,-0.105,0.045,-0.880;
1713,-0.102,0.049,-0.884;
1714,-0.105,0.049,-0.884;
1715,-0.109,0.049,-0.873;
1716,-0.105,0.049,-0.880;
1717,-0.098,0.053,-0.880;
1718,-0.098,0.041,-0.884;
1719,-0.098,0.049,-0.884;
1720,-0.094,0.045,-0.880;
1721,-0.105,0.049,-0.894;
1722,-0.113,0.053,-0.884;
1723,-0.098,0.045,-0.880;
1724,-0.094,0.045,-0.884;
1725,-0.094,0.049,-0.880;
1726,-0.102,0.053,-0.891;
1727,-0.098,0.045,-0.887;
1728,-0.098,0.045,-0.877;
1729,-0.09,0.056,-0.880;
1730,-0.098,0.053,-0.905;
1731,-0.09,0.045,-0.887;
1732,-0.098,0.045,-0.891;
1733,-0.094,0.041,-0.884;
1734,-0.087,0.045,-0.887;
1735,-0.09,0.064,-0.880;
1736,-0.09,0.045,-0.887;
1737,-0.09,0.053,-0.880;
1738,-0.087,0.049,-0.880;
1739,-0.083,0.045,-0.884;
1740,-0.083,0.045,-0.884;
1741,-0.083,0.045,-0.877;
1742,-0.079,0.041,-0.877;
1743,-0.083,0.056,-0.884;
1744,-0.079,0.041,-0.887;
1745,-0.09,0.049,-0.891;
1746,-0.079,0.053,-0.905;
1747,-0.087,0.056,-0.880;
1748,-0.079,0.053,-0.877;
1749,-0.079,0.053,-0.887;
1750,-0.079,0.045,-0.887;
1751,-0.072,0.053,-0.887;
1752,-0.075,0.056,-0.873;
1753,-0.079,0.06,-0.877;
1754,-0.079,0.056,-0.873;
1755,-0.079,0.049,-0.880;
1756,-0.079,0.068,-0.898;
1757,-0.083,0.06,-0.884;
1758,-0.079,0.049,-0.873;
1759,-0.083,0.06,-0.880;
1760,-0.079,0.06,-0.877;
1761,-0.079,0.064,-0.898;
1762,-0.079,0.056,-0.901;
1763,-0.072,0.068,-0.884;
1764,-0.068,0.056,-0.870;
1765,-0.068,0.056,-0.884;
1766,-0.06,0.056,-0.891;
1767,-0.072,0.064,-0.891;
1768,-0.072,0.053,-0.891;
1769,-0.072,0.064,-0.884;
1770,-0.075,0.06,-0.887;
1771,-0.056,0.056,-0.873;
1772,-0.064,0.064,-0.884;
1773,-0.064,0.06,-0.884;
1774,-0.064,0.056,-0.887;
1775,-0.064,0.064,-0.877;
1776,-0.06,0.068,-0.877;
1777,-0.06,0.064,-0.887;
1778,-0.075,0.056,-0.877;
1779,-0.056,0.068,-0.884;
1780,-0.056,0.064,-0.880;
1781,-0.06,0.068,-0.887;
1782,-0.075,0.064,-0.884;
1783,-0.068,0.064,-0.891;
1784,-0.06,0.06,-0.880;
1785,-0.072,0.064,-0.887;
1786,-0.064,0.064,-0.866;
1787,-0.064,0.068,-0.877;
1788,-0.056,0.06,-0.887;
1789,-0.056,0.068,-0.891;
1790,-0.06,0.06,-0.877;
1791,-0.064,0.064,-0.877;
1792,-0.06,0.068,-0.884;
1793,-0.06,0.064,-0.894;
1794,-0.064,0.068,-0.894;
1795,-0.06,0.068,-0.887;
1796,-0.064,0.071,-0.870;
1797,-0.072,0.056,-0.866;
1798,-0.064,0.071,-0.887;
1799,-0.053,0.064,-0.898;
1800,-0.064,0.053,-0.891;
1801,-0.064,0.068,-0.887;
1802,-0.064,0.06,-0.863;
1803,-0.06,0.064,-0.894;
1804,-0.056,0.06,-0.908;
1805,-0.064,0.064,-0.870;
1806,-0.064,0.071,-0.873;
1807,-0.053,0.06,-0.880;
1808,-0.056,0.064,-0.894;
1809,-0.06,0.056,-0.894;
1810,-0.072,0.056,-0.877;
1811,-0.06,0.06,-0.873;
1812,-0.064,0.075,-0.880;
1813,-0.049,0.064,-0.894;
1814,-0.045,0.06,-0.887;
1815,-0.064,0.068,-0.891;
1816,-0.06,0.053,-0.880;
1817,-0.053,0.064,-0.880;
1818,-0.053,0.06,-0.887;
1819,-0.053,0.056,-0.891;
1820,-0.053,0.06,-0.884;
1821,-0.053,0.064,-0.884;
1822,-0.06,0.06,-0.877;
1823,-0.053,0.06,-0.880;
1824,-0.056,0.06,-0.873;
1825,-0.053,0.06,-0.877;
1826,-0.045,0.068,-0.884;
1827,-0.06,0.049,-0.891;
1828,-0.064,0.053,-0.884;
1829,-0.072,0.064,-0.880;
1830,-0.06,0.06,-0.880;
1831,-0.068,0.06,-0.884;
1832,-0.068,0.049,-0.884;
1833,-0.064,0.053,-0.877;
1834,-0.068,0.053,-0.894;
1835,-0.06,0.053,-0.884;
1836,-0.064,0.06,-0.894;
1837,-0.064,0.049,-0.877;
1838,-0.068,0.049,-0.873;
1839,-0.064,0.053,-0.894;
1840,-0.072,0.049,-0.894;
1841,-0.075,0.056,-0.894;
1842,-0.072,0.056,-0.887;
1843,-0.083,0.053,-0.880;
1844,-0.064,0.056,-0.877;
1845,-0.072,0.056,-0.880;
1846,-0.079,0.06,-0.887;
1847,-0.087,0.056,-0.898;
1848,-0.064,0.045,-0.873;
1849,-0.075,0.053,-0.880;
1850,-0.079,0.049,-0.887;
1851,-0.079,0.056,-0.887;
1852,-0.075,0.053,-0.884;
1853,-0.087,0.049,-0.901;
1854,-0.094,0.049,-0.887;
1855,-0.079,0.045,-0.884;
1856,-0.083,0.053,-0.877;
1857,-0.079,0.053,-0.898;
1858,-0.083,0.049,-0.891;
1859,-0.09,0.049,-0.884;
1860,-0.094,0.053,-0.887;
1861,-0.083,0.053,-0.894;
1862,-0.083,0.038,-0.884;
1863,-0.083,0.041,-0.887;
1864,-0.09,0.049,-0.891;
1865,-0.094,0.045,-0.877;
1866,-0.087,0.041,-0.880;
1867,-0.083,0.034,-0.887;
1868,-0.09,0.045,-0.877;
1869,-0.09,0.038,-0.887;
1870,-0.09,0.038,-0.884;
1871,-0.087,0.038,-0.884;
1872,-0.09,0.03,-0.880;
1873,-0.094,0.038,-0.877;
1874,-0.094,0.049,-0.884;
1875,-0.098,0.041,-0.884;
1876,-0.098,0.034,-0.884;
1877,-0.098,0.038,-0.887;
1878,-0.098,0.038,-0.887;
1879,-0.102,0.038,-0.887;
1880,-0.105,0.049,-0.877;
1881,-0.098,0.038,-0.901;
1882,-0.113,0.041,-0.894;
1883,-0.113,0.03,-0.901;
1884,-0.109,0.038,-0.880;
1885,-0.109,0.03,-0.884;
1886,-0.109,0.041,-0.880;
1887,-0.102,0.038,-0.880;
1888,-0.105,0.038,-0.887;
1889,-0.098,0.041,-0.884;
1890,-0.102,0.038,-0.894;
1891,-0.109,0.034,-0.894;
1892,-0.102,0.038,-0.880;
1893,-0.105,0.038,-0.870;
1894,-0.105,0.045,-0.884;
1895,-0.098,0.041,-0.884;
1896,-0.105,0.038,-0.887;
1897,-0.098,0.038,-0.898;
1898,-0.094,0.041,-0.873;
1899,-0.105,0.045,-0.884;
1900,-0.098,0.034,-0.887;
1901,-0.102,0.026,-0.891;
1902,-0.094,0.038,-0.887;
1903,-0.105,0.041,-0.880;
1904,-0.102,0.038,-0.891;
1905,-0.105,0.03,-0.884;
1906,-0.105,0.038,-0.880;
1907,-0.105,0.038,-0.887;
1908,-0.105,0.038,-0.880;
1909,-0.109,0.041,-0.880;
1910,-0.102,0.034,-0.880;
1911,-0.102,0.038,-0.884;
1912,-0.105,0.03,-0.880;
1913,-0.105,0.038,-0.884;
1914,-0.109,0.045,-0.880;
1915,-0.105,0.049,-0.884;
1916,-0.102,0.034,-0.891;
1917,-0.098,0.034,-0.884;
1918,-0.105,0.038,-0.880;
1919,-0.102,0.034,-0.884;
1920,-0.098,0.038,-0.877;
1921,-0.105,0.034,-0.891;
1922,-0.105,0.03,-0.877;
1923,-0.113,0.038,-0.884;
1924,-0.105,0.034,-0.887;
1925,-0.109,0.03,-0.887;
1926,-0.113,0.045,-0.880;
1927,-0.102,0.034,-0.887;
1928,-0.102,0.034,-0.880;
1929,-0.109,0.038,-0.891;
1930,-0.109,0.034,-0.887;
1931,-0.113,0.049,-0.887;
1932,-0.102,0.045,-0.884;
1933,-0.105,0.034,-0.873;
1934,-0.105,0.038,-0.884;
1935,-0.094,0.041,-0.873;
1936,-0.124,0.038,-0.901;
1937,-0.105,0.038,-0.891;
1938,-0.105,0.034,-0.884;
1939,-0.102,0.041,-0.887;
1940,-0.105,0.026,-0.880;
1941,-0.102,0.041,-0.887;
1942,-0.109,0.041,-0.887;
1943,-0.098,0.038,-0.887;
1944,-0.105,0.041,-0.870;
1945,-0.109,0.041,-0.880;
1946,-0.105,0.041,-0.877;
1947,-0.09,0.034,-0.877;
1948,-0.117,0.034,-0.887;
1949,-0.105,0.034,-0.880;
1950,-0.105,0.034,-0.880;
1951,-0.105,0.041,-0.884;
1952,-0.105,0.041,-0.877;
1953,-0.105,0.041,-0.884;
1954,-0.094,0.026,-0.884;
1955,-0.113,0.03,-0.887;
1956,-0.102,0.03,-0.887;
1957,-0.102,0.03,-0.891;
1958,-0.102,0.03,-0.887;
1959,-0.102,0.041,-0.873;
1960,-0.117,0.045,-0.887;
1961,-0.109,0.041,-0.891;
1962,-0.105,0.034,-0.891;
1963,-0.117,0.045,-0.887;
1964,-0.109,0.038,-0.887;
1965,-0.109,0.034,-0.884;
1966,-0.102,0.038,-0.877;
1967,-0.105,0.034,-0.877;
1968,-0.113,0.045,-0.884;
1969,-0.105,0.041,-0.887;
1970,-0.105,0.041,-0.884;
1971,-0.098,0.041,-0.884;
1972,-0.105,0.038,-0.887;
1973,-0.102,0.045,-0.887;
1974,-0.098,0.041,-0.884;
1975,-0.102,0.038,-0.887;
1976,-0.113,0.045,-0.887;
1977,-0.098,0.041,-0.884;
1978,-0.094,0.045,-0.884;
1979,-0.094,0.041,-0.884;
1980,-0.094,0.049,-0.901;
1981,-0.109,0.041,-0.891;
1982,-0.109,0.038,-0.873;
1983,-0.094,0.049,-0.873;
1984,-0.087,0.041,-0.870;
1985,-0.102,0.038,-0.898;
1986,-0.102,0.045,-0.887;
1987,-0.098,0.045,-0.884;
1988,-0.087,0.041,-0.870;
1989,-0.09,0.041,-0.870;
1990,-0.09,0.041,-0.891;
1991,-0.098,0.041,-0.901;
1992,-0.094,0.041,-0.877;
1993,-0.098,0.049,-0.884;
1994,-0.09,0.049,-0.880;
1995,-0.09,0.049,-0.887;
1996,-0.09,0.045,-0.905;
1997,-0.087,0.053,-0.884;
1998,-0.087,0.038,-0.877;
1999,-0.079,0.049,-0.884;
2000,-0.075,0.049,-0.887;
2001,-0.083,0.049,-0.891;
2002,-0.094,0.053,-0.894;
2003,-0.087,0.053,-0.873;
2004,-0.087,0.053,-0.880;
2005,-0.079,0.056,-0.884;
2006,-0.083,0.049,-0.887;
2007,-0.094,0.053,-0.884;
2008,-0.087,0.056,-0.891;
2009,-0.079,0.045,-0.891;
2010,-0.079,0.049,-0.880;
2011,-0.083,0.049,-0.880;
2012,-0.072,0.049,-0.880;
2013,-0.075,0.049,-0.891;
2014,-0.072,0.056,-0.887;
2015,-0.072,0.056,-0.880;
2016,-0.079,0.049,-0.884;
2017,-0.072,0.053,-0.877;
2018,-0.075,0.06,-0.884;
2019,-0.068,0.056,-0.891;
2020,-0.075,0.053,-0.887;
2021,-0.075,0.053,-0.887;
2022,-0.072,0.053,-0.884;
2023,-0.075,0.049,-0.887;
2024,-0.075,0.056,-0.905;
2025,-0.079,0.056,-0.887;
2026,-0.075,0.045,-0.863;
2027,-0.072,0.053,-0.884;
2028,-0.056,0.049,-0.873;
2029,-0.072,0.049,-0.905;
2030,-0.079,0.06,-0.880;
2031,-0.064,0.056,-0.880;
2032,-0.072,0.06,-0.873;
2033,-0.056,0.06,-0.880;
2034,-0.064,0.06,-0.887;
2035,-0.06,0.056,-0.891;
2036,-0.068,0.053,-0.880;
2037,-0.06,0.053,-0.870;
2038,-0.068,0.053,-0.887;
2039,-0.064,0.053,-0.887;
2040,-0.064,0.06,-0.891;
2041,-0.064,0.049,-0.887;
2042,-0.064,0.056,-0.901;
2043,-0.056,0.06,-0.873;
2044,-0.072,0.053,-0.884;
2045,-0.075,0.06,-0.877;
2046,-0.068,0.064,-0.894;
2047,-0.064,0.06,-0.880;
2048,-0.068,0.068,-0.880;
2049,-0.068,0.056,-0.873;
2050,-0.064,0.06,-0.870;
2051,-0.064,0.071,-0.891;
2052,-0.064,0.06,-0.894;
2053,-0.072,0.064,-0.884;
2054,-0.072,0.064,-0.884;
2055,-0.068,0.056,-0.880;
2056,-0.068,0.056,-0.887;
2057,-0.053,0.056,-0.891;
2058,-0.079,0.068,-0.898;
2059,-0.079,0.064,-0.880;
2060,-0.064,0.056,-0.877;
2061,-0.072,0.06,-0.891;
2062,-0.068,0.056,-0.884;
2063,-0.072,0.056,-0.894;
2064,-0.075,0.06,-0.891;
2065,-0.068,0.06,-0.887;
2066,-0.068,0.06,-0.894;
2067,-0.064,0.056,-0.887;
2068,-0.075,0.053,-0.887;
2069,-0.075,0.06,-0.884;
2070,-0.056,0.053,-0.873;
2071,-0.079,0.049,-0.908;
2072,-0.075,0.06,-0.887;
2073,-0.075,0.053,-0.877;
2074,-0.064,0.056,-0.873;
2075,-0.06,0.053,-0.887;
2076,-0.075,0.056,-0.887;
2077,-0.064,0.049,-0.880;
2078,-0.064,0.049,-0.877;
2079,-0.072,0.056,-0.880;
2080,-0.072,0.056,-0.884;
2081,-0.064,0.053,-0.884;
2082,-0.075,0.053,-0.884;
2083,-0.075,0.049,-0.877;
2084,-0.075,0.045,-0.877;
2085,-0.075,0.056,-0.894;
2086,-0.072,0.045,-0.891;
2087,-0.072,0.045,-0.873;
2088,-0.064,0.049,-0.884;
2089,-0.079,0.049,-0.884;
2090,-0.083,0.045,-0.891;
2091,-0.079,0.053,-0.891;
2092,-0.09,0.049,-0.891;
2093,-0.09,0.06,-0.884;
2094,-0.087,0.045,-0.877;
2095,-0.079,0.045,-0.887;
2096,-0.079,0.045,-0.877;
2097,-0.083,0.038,-0.880;
2098,-0.09,0.053,-0.880;
2099,-0.087,0.045,-0.884;
2100,-0.09,0.045,-0.891;
2101,-0.102,0.049,-0.887;
2102,-0.094,0.041,-0.884;
2103,-0.087,0.049,-0.884;
2104,-0.09,0.045,-0.887;
2105,-0.094,0.041,-0.891;
2106,-0.09,0.053,-0.891;
2107,-0.098,0.045,-0.877;
2108,-0.09,0.041,-0.884;
2109,-0.094,0.038,-0.887;
2110,-0.105,0.049,-0.887;
2111,-0.098,0.03,-0.898;
2112,-0.105,0.034,-0.880;
2113,-0.109,0.03,-0.905;
2114,-0.098,0.038,-0.887;
2115,-0.109,0.026,-0.884;
2116,-0.105,0.041,-0.884;
2117,-0.105,0.038,-0.873;
2118,-0.087,0.041,-0.884;
2119,-0.109,0.056,-0.891;
2120,-0.102,0.03,-0.901;
2121,-0.102,0.038,-0.887;
2122,-0.098,0.026,-0.884;
2123,-0.102,0.03,-0.887;
2124,-0.105,0.038,-0.884;
2125,-0.102,0.041,-0.880;
2126,-0.102,0.038,-0.884;
2127,-0.098,0.034,-0.884;
2128,-0.098,0.03,-0.880;
2129,-0.102,0.034,-0.887;
2130,-0.117,0.038,-0.877;
2131,-0.098,0.026,-0.884;
2132,-0.098,0.034,-0.880;
2133,-0.102,0.038,-0.887;
2134,-0.105,0.041,-0.887;
2135,-0.102,0.03,-0.884;
2136,-0.105,0.038,-0.880;
2137,-0.109,0.053,-0.898;
2138,-0.102,0.038,-0.884;
2139,-0.102,0.034,-0.877;
2140,-0.102,0.03,-0.887;
2141,-0.117,0.026,-0.884;
2142,-0.105,0.038,-0.880;
2143,-0.109,0.03,-0.891;
2144,-0.109,0.034,-0.880;
2145,-0.109,0.038,-0.891;
2146,-0.102,0.03,-0.880;
2147,-0.105,0.034,-0.884;
2148,-0.102,0.038,-0.894;
2149,-0.109,0.041,-0.884;
2150,-0.102,0.038,-0.877;
2151,-0.12,0.045,-0.880;
2152,-0.113,0.034,-0.880;
2153,-0.109,0.038,-0.884;
2154,-0.105,0.041,-0.884;
2155,-0.113,0.034,-0.884;
2156,-0.109,0.041,-0.891;
2157,-0.113,0.045,-0.884;
2158,-0.113,0.023,-0.891;
2159,-0.109,0.041,-0.873;
2160,-0.113,0.038,-0.891;
2161,-0.117,0.041,-0.887;
2162,-0.113,0.049,-0.884;
2163,-0.117,0.045,-0.877;
2164,-0.109,0.041,-0.880;
2165,-0.105,0.041,-0.880;
2166,-0.102,0.045,-0.891;
2167,-0.113,0.041,-0.887;
2168,-0.105,0.034,-0.884;
2169,-0.113,0.026,-0.884;
2170,-0.113,0.045,-0.894;
2171,-0.105,0.034,-0.880;
2172,-0.113,0.045,-0.877;
2173,-0.105,0.041,-0.891;
2174,-0.113,0.049,-0.891;
2175,-0.113,0.034,-0.877;
2176,-0.102,0.045,-0.873;
2177,-0.109,0.034,-0.887;
2178,-0.113,0.049,-0.884;
2179,-0.102,0.041,-0.880;
2180,-0.117,0.045,-0.884;
2181,-0.113,0.038,-0.880;
2182,-0.117,0.038,-0.884;
2183,-0.109,0.038,-0.880;
2184,-0.113,0.045,-0.880;
2185,-0.113,0.038,-0.877;
2186,-0.113,0.038,-0.884;
2187,-0.117,0.041,-0.891;
2188,-0.113,0.041,-0.891;
2189,-0.113,0.034,-0.884;
2190,-0.113,0.038,-0.884;
2191,-0.113,0.034,-0.884;
2192,-0.117,0.045,-0.877;
2193,-0.12,0.041,-0.887;
2194,-0.109,0.038,-0.877;
2195,-0.124,0.041,-0.884;
2196,-0.113,0.034,-0.880;
2197,-0.12,0.045,-0.891;
2198,-0.12,0.034,-0.880;
2199,-0.124,0.045,-0.877;
2200,-0.113,0.041,-0.887;
2201,-0.12,0.045,-0.891;
2202,-0.117,0.049,-0.884;
2203,-0.113,0.049,-0.880;
2204,-0.113,0.045,-0.877;
2205,-0.117,0.049,-0.884;
2206,-0.117,0.049,-0.891;
2207,-0.117,0.041,-0.884;
2208,-0.117,0.041,-0.887;
2209,-0.113,0.038,-0.877;
2210,-0.113,0.049,-0.884;
2211,-0.124,0.041,-0.891;
2212,-0.117,0.038,-0.873;
2213,-0.109,0.045,-0.870;
2214,-0.117,0.045,-0.891;
2215,-0.105,0.03,-0.891;
2216,-0.113,0.041,-0.880;
2217,-0.098,0.049,-0.873;
2218,-0.117,0.034,-0.880;
2219,-0.113,0.038,-0.894;
2220,-0.113,0.041,-0.884;
2221,-0.113,0.041,-0.873;
2222,-0.113,0.038,-0.880;
2223,-0.109,0.034,-0.884;
2224,-0.12,0.034,-0.884;
2225,-0.105,0.03,-0.891;
2226,-0.113,0.03,-0.880;
2227,-0.117,0.034,-0.884;
2228,-0.113,0.03,-0.891;
2229,-0.117,0.038,-0.884;
2230,-0.113,0.038,-0.884;
2231,-0.117,0.038,-0.884;
2232,-0.124,0.049,-0.898;
2233,-0.117,0.045,-0.898;
2234,-0.12,0.045,-0.884;
2235,-0.117,0.03,-0.880;
2236,-0.117,0.034,-0.898;
2237,-0.113,0.038,-0.884;
2238,-0.12,0.041,-0.887;
2239,-0.124,0.038,-0.894;
2240,-0.113,0.041,-0.898;
2241,-0.117,0.038,-0.880;
2242,-0.113,0.041,-0.887;
2243,-0.109,0.041,-0.884;
2244,-0.117,0.041,-0.891;
2245,-0.124,0.049,-0.887;
2246,-0.109,0.03,-0.894;
2247,-0.117,0.045,-0.887;
2248,-0.117,0.038,-0.877;
2249,-0.109,0.041,-0.873;
2250,-0.109,0.056,-0.891;
2251,-0.12,0.049,-0.887;
2252,-0.113,0.045,-0.880;
2253,-0.113,0.049,-0.891;
2254,-0.109,0.038,-0.873;
2255,-0.09,0.045,-0.877;
2256,-0.109,0.056,-0.901;
2257,-0.102,0.049,-0.894;
2258,-0.105,0.049,-0.905;
2259,-0.102,0.045,-0.887;
2260,-0.094,0.049,-0.877;
2261,-0.094,0.053,-0.866;
2262,-0.09,0.038,-0.891;
2263,-0.083,0.053,-0.891;
2264,-0.098,0.049,-0.887;
2265,-0.094,0.049,-0.891;
2266,-0.105,0.049,-0.880;
2267,-0.087,0.053,-0.884;
2268,-0.09,0.049,-0.884;
2269,-0.087,0.06,-0.887;
2270,-0.09,0.045,-0.873;
2271,-0.098,0.053,-0.894;
2272,-0.09,0.053,-0.884;
2273,-0.083,0.045,-0.880;
2274,-0.083,0.041,-0.891;
2275,-0.083,0.045,-0.894;
2276,-0.094,0.049,-0.884;
2277,-0.083,0.06,-0.898;
2278,-0.09,0.049,-0.880;
2279,-0.083,0.049,-0.884;
2280,-0.083,0.053,-0.880;
2281,-0.087,0.049,-0.891;
2282,-0.083,0.049,-0.887;
2283,-0.079,0.053,-0.870;
2284,-0.087,0.053,-0.887;
2285,-0.079,0.049,-0.880;
2286,-0.087,0.045,-0.905;
2287,-0.09,0.049,-0.891;
2288,-0.079,0.049,-0.880;
2289,-0.079,0.053,-0.880;
2290,-0.083,0.056,-0.887;
2291,-0.075,0.045,-0.887;
2292,-0.09,0.056,-0.891;
2293,-0.083,0.056,-0.880;
2294,-0.079,0.056,-0.877;
2295,-0.068,0.053,-0.873;
2296,-0.079,0.053,-0.880;
2297,-0.087,0.049,-0.884;
2298,-0.075,0.06,-0.877;
2299,-0.072,0.056,-0.891;
2300,-0.075,0.041,-0.870;
2301,-0.079,0.056,-0.915;
2302,-0.083,0.06,-0.891;
2303,-0.072,0.053,-0.877;
2304,-0.068,0.056,-0.866;
2305,-0.068,0.06,-0.880;
2306,-0.068,0.053,-0.891;
2307,-0.068,0.049,-0.877;
2308,-0.075,0.053,-0.877;
2309,-0.079,0.053,-0.891;
2310,-0.083,0.056,-0.891;
2311,-0.072,0.053,-0.887;
2312,-0.068,0.049,-0.880;
2313,-0.064,0.06,-0.873;
2314,-0.072,0.049,-0.894;
2315,-0.06,0.06,-0.891;
2316,-0.072,0.053,-0.891;
2317,-0.079,0.049,-0.887;
2318,-0.075,0.049,-0.884;
2319,-0.072,0.053,-0.884;
2320,-0.075,0.06,-0.901;
2321,-0.06,0.056,-0.873;
2322,-0.083,0.056,-0.880;
2323,-0.072,0.049,-0.891;
2324,-0.068,0.049,-0.884;
2325,-0.075,0.049,-0.877;
2326,-0.072,0.056,-0.880;
2327,-0.068,0.049,-0.884;
2328,-0.075,0.049,-0.880;
2329,-0.079,0.053,-0.877;
2330,-0.068,0.053,-0.891;
2331,-0.072,0.053,-0.887;
2332,-0.075,0.056,-0.894;
2333,-0.079,0.056,-0.877;
2334,-0.072,0.049,-0.863;
2335,-0.056,0.053,-0.880;
2336,-0.075,0.053,-0.894;
2337,-0.068,0.056,-0.884;
2338,-0.068,0.056,-0.873;
2339,-0.072,0.041,-0.877;
2340,-0.064,0.045,-0.884;
2341,-0.068,0.049,-0.887;
2342,-0.072,0.049,-0.877;
2343,-0.072,0.049,-0.901;
2344,-0.06,0.041,-0.877;
2345,-0.072,0.053,-0.859;
2346,-0.072,0.053,-0.877;
2347,-0.068,0.06,-0.894;
2348,-0.072,0.053,-0.884;
2349,-0.072,0.045,-0.870;
2350,-0.09,0.038,-0.877;
2351,-0.079,0.045,-0.891;
2352,-0.079,0.049,-0.887;
2353,-0.075,0.049,-0.884;
2354,-0.079,0.053,-0.891;
2355,-0.072,0.041,-0.891;
2356,-0.079,0.045,-0.884;
2357,-0.087,0.049,-0.887;
2358,-0.079,0.053,-0.884;
2359,-0.075,0.045,-0.891;
2360,-0.079,0.041,-0.894;
2361,-0.094,0.045,-0.873;
2362,-0.072,0.049,-0.887;
2363,-0.083,0.041,-0.877;
2364,-0.079,0.041,-0.884;
2365,-0.087,0.053,-0.891;
2366,-0.075,0.045,-0.880;
2367,-0.072,0.041,-0.880;
2368,-0.083,0.049,-0.898;
2369,-0.087,0.041,-0.887;
2370,-0.09,0.041,-0.866;
2371,-0.094,0.053,-0.891;
2372,-0.087,0.041,-0.880;
2373,-0.083,0.03,-0.887;
2374,-0.094,0.053,-0.873;
2375,-0.09,0.041,-0.877;
2376,-0.09,0.034,-0.884;
2377,-0.105,0.045,-0.873;
2378,-0.087,0.034,-0.894;
2379,-0.098,0.038,-0.884;
2380,-0.109,0.056,-0.884;
2381,-0.098,0.038,-0.884;
2382,-0.098,0.034,-0.891;
2383,-0.098,0.038,-0.884;
2384,-0.098,0.03,-0.894;
2385,-0.105,0.045,-0.894;
2386,-0.102,0.034,-0.884;
2387,-0.105,0.038,-0.891;
2388,-0.098,0.041,-0.877;
2389,-0.098,0.034,-0.880;
2390,-0.098,0.045,-0.887;
2391,-0.109,0.045,-0.884;
2392,-0.102,0.041,-0.891;
2393,-0.098,0.034,-0.870;
2394,-0.094,0.03,-0.880;
2395,-0.098,0.034,-0.891;
2396,-0.105,0.045,-0.891;
2397,-0.105,0.034,-0.884;
2398,-0.102,0.034,-0.898;
2399,-0.105,0.03,-0.884;
2400,-0.102,0.041,-0.887;
2401,-0.113,0.034,-0.877;
2402,-0.109,0.045,-0.894;
2403,-0.105,0.038,-0.891;
2404,-0.105,0.041,-0.894;
2405,-0.102,0.038,-0.894;
2406,-0.105,0.041,-0.877;
2407,-0.109,0.038,-0.891;
2408,-0.109,0.038,-0.884;
2409,-0.098,0.038,-0.887;
2410,-0.113,0.034,-0.891;
2411,-0.102,0.038,-0.887;
2412,-0.105,0.034,-0.880;
2413,-0.105,0.038,-0.887;
2414,-0.113,0.038,-0.880;
2415,-0.109,0.034,-0.880;
2416,-0.109,0.026,-0.894;
2417,-0.117,0.038,-0.884;
2418,-0.102,0.034,-0.884;
2419,-0.113,0.041,-0.884;
2420,-0.105,0.03,-0.880;
2421,-0.109,0.038,-0.887;
2422,-0.105,0.038,-0.884;
2423,-0.113,0.038,-0.884;
2424,-0.113,0.034,-0.887;
2425,-0.109,0.038,-0.873;
2426,-0.105,0.034,-0.884;
2427,-0.117,0.041,-0.894;
2428,-0.109,0.041,-0.880;
2429,-0.113,0.041,-0.884;
2430,-0.113,0.041,-0.880;
2431,-0.109,0.038,-0.887;
2432,-0.109,0.034,-0.880;
2433,-0.102,0.034,-0.891;
2434,-0.105,0.049,-0.887;
2435,-0.124,0.045,-0.859;
2436,-0.105,0.056,-0.870;
2437,-0.113,0.041,-0.877;
2438,-0.094,0.038,-0.880;
2439,-0.113,0.049,-0.891;
2440,-0.105,0.045,-0.901;
2441,-0.102,0.041,-0.894;
2442,-0.09,0.034,-0.873;
2443,-0.109,0.041,-0.887;
2444,-0.105,0.038,-0.887;
2445,-0.102,0.034,-0.880;
2446,-0.113,0.041,-0.884;
2447,-0.098,0.038,-0.884;
2448,-0.109,0.041,-0.877;
2449,-0.109,0.041,-0.873;
2450,-0.109,0.041,-0.887;
2451,-0.113,0.038,-0.887;
2452,-0.109,0.034,-0.884;
2453,-0.105,0.041,-0.880;
2454,-0.109,0.038,-0.877;
2455,-0.109,0.041,-0.884;
2456,-0.105,0.038,-0.887;
2457,-0.105,0.041,-0.884;
2458,-0.113,0.034,-0.887;
2459,-0.109,0.041,-0.887;
2460,-0.109,0.034,-0.887;
2461,-0.113,0.041,-0.873;
2462,-0.102,0.03,-0.870;
2463,-0.109,0.034,-0.891;
2464,-0.105,0.034,-0.880;
2465,-0.117,0.038,-0.880;
2466,-0.113,0.038,-0.877;
2467,-0.12,0.038,-0.887;
2468,-0.117,0.041,-0.891;
2469,-0.113,0.045,-0.887;
2470,-0.113,0.034,-0.887;
2471,-0.105,0.041,-0.877;
2472,-0.113,0.038,-0.884;
2473,-0.102,0.034,-0.891;
2474,-0.105,0.026,-0.880;
2475,-0.12,0.041,-0.877;
2476,-0.113,0.045,-0.884;
2477,-0.113,0.045,-0.880;
2478,-0.117,0.034,-0.894;
2479,-0.105,0.045,-0.884;
2480,-0.113,0.041,-0.884;
2481,-0.109,0.041,-0.884;
2482,-0.113,0.038,-0.887;
2483,-0.109,0.041,-0.877;
2484,-0.113,0.045,-0.891;
2485,-0.102,0.049,-0.884;
2486,-0.094,0.038,-0.870;
2487,-0.117,0.045,-0.884;
2488,-0.109,0.041,-0.891;
2489,-0.105,0.038,-0.884;
2490,-0.113,0.041,-0.880;
2491,-0.105,0.049,-0.898;
2492,-0.113,0.038,-0.884;
2493,-0.113,0.049,-0.884;
2494,-0.12,0.049,-0.887;
2495,-0.109,0.038,-0.880;
2496,-0.102,0.038,-0.873;
2497,-0.102,0.034,-0.884;
2498,-0.105,0.045,-0.894;
2499,-0.098,0.041,-0.887;
2500,-0.102,0.053,-0.880;
2501,-0.102,0.041,-0.884;
2502,-0.105,0.045,-0.873;
2503,-0.098,0.038,-0.884;
2504,-0.102,0.041,-0.887;
2505,-0.098,0.041,-0.891;
2506,-0.102,0.041,-0.877;
2507,-0.098,0.045,-0.880;
2508,-0.109,0.045,-0.880;
2509,-0.102,0.053,-0.877;
2510,-0.102,0.053,-0.880;
2511,-0.094,0.041,-0.887;
2512,-0.098,0.034,-0.891;
2513,-0.098,0.049,-0.877;
2514,-0.094,0.056,-0.887;
2515,-0.094,0.049,-0.877;
2516,-0.098,0.045,-0.887;
2517,-0.102,0.041,-0.898;
2518,-0.098,0.041,-0.880;
2519,-0.102,0.049,-0.884;
2520,-0.098,0.049,-0.870;
2521,-0.094,0.049,-0.891;
2522,-0.09,0.049,-0.887;
2523,-0.09,0.053,-0.877;
2524,-0.098,0.049,-0.884;
2525,-0.09,0.045,-0.873;
2526,-0.079,0.049,-0.873;
2527,-0.09,0.056,-0.891;
2528,-0.087,0.045,-0.877;
2529,-0.098,0.06,-0.915;
2530,-0.098,0.06,-0.898;
2531,-0.09,0.053,-0.884;
2532,-0.079,0.06,-0.866;
2533,-0.079,0.056,-0.877;
2534,-0.079,0.053,-0.894;
2535,-0.083,0.049,-0.887;
2536,-0.079,0.049,-0.884;
2537,-0.087,0.049,-0.884;
2538,-0.079,0.053,-0.884;
2539,-0.083,0.049,-0.891;
2540,-0.087,0.056,-0.877;
2541,-0.075,0.049,-0.877;
2542,-0.075,0.053,-0.887;
2543,-0.079,0.064,-0.898;
2544,-0.083,0.06,-0.887;
2545,-0.079,0.056,-0.894;
2546,-0.072,0.045,-0.877;
2547,-0.079,0.056,-0.866;
2548,-0.072,0.056,-0.891;
2549,-0.072,0.041,-0.887;
2550,-0.079,0.056,-0.884;
2551,-0.083,0.056,-0.880;
2552,-0.068,0.053,-0.891;
2553,-0.075,0.049,-0.891;
2554,-0.068,0.053,-0.884;
2555,-0.075,0.053,-0.880;
2556,-0.079,0.056,-0.884;
2557,-0.083,0.06,-0.887;
2558,-0.075,0.053,-0.894;
2559,-0.064,0.056,-0.877;
2560,-0.068,0.053,-0.884;
2561,-0.064,0.049,-0.887;
2562,-0.072,0.053,-0.880;
2563,-0.075,0.06,-0.884;
2564,-0.075,0.06,-0.873;
2565,-0.064,0.049,-0.880;
2566,-0.064,0.064,-0.887;
2567,-0.068,0.056,-0.891;
2568,-0.075,0.056,-0.863;
2569,-0.072,0.056,-0.877;
2570,-0.075,0.06,-0.877;
2571,-0.068,0.041,-0.922;
2572,-0.075,0.053,-0.880;
2573,-0.06,0.049,-0.856;
2574,-0.068,0.064,-0.866;
2575,-0.056,0.056,-0.901;
2576,-0.064,0.053,-0.901;
2577,-0.083,0.053,-0.880;
2578,-0.075,0.06,-0.877;
2579,-0.068,0.056,-0.884;
2580,-0.068,0.053,-0.887;
2581,-0.056,0.053,-0.908;
2582,-0.064,0.053,-0.880;
2583,-0.068,0.053,-0.877;
2584,-0.06,0.053,-0.880;
2585,-0.056,0.06,-0.901;
2586,-0.068,0.053,-0.891;
2587,-0.072,0.053,-0.873;
2588,-0.06,0.06,-0.884;
2589,-0.068,0.06,-0.887;
2590,-0.064,0.053,-0.894;
2591,-0.072,0.056,-0.887;
2592,-0.075,0.049,-0.877;
2593,-0.079,0.053,-0.877;
2594,-0.068,0.049,-0.887;
2595,-0.064,0.053,-0.891;
2596,-0.072,0.049,-0.877;
2597,-0.072,0.056,-0.880;
2598,-0.068,0.053,-0.891;
2599,-0.068,0.041,-0.898;
2600,-0.068,0.049,-0.891;
2601,-0.075,0.06,-0.887;
2602,-0.079,0.053,-0.873;
2603,-0.072,0.053,-0.877;
2604,-0.06,0.049,-0.884;
2605,-0.072,0.06,-0.891;
2606,-0.072,0.053,-0.891;
2607,-0.068,0.049,-0.880;
2608,-0.06,0.06,-0.894;
2609,-0.075,0.049,-0.894;
2610,-0.075,0.06,-0.880;
2611,-0.075,0.053,-0.884;
2612,-0.068,0.053,-0.884;
2613,-0.079,0.053,-0.912;
2614,-0.079,0.056,-0.873;
2615,-0.083,0.068,-0.870;
2616,-0.056,0.049,-0.884;
2617,-0.06,0.053,-0.887;
2618,-0.064,0.049,-0.891;
2619,-0.068,0.041,-0.877;
2620,-0.075,0.038,-0.898;
2621,-0.068,0.034,-0.887;
2622,-0.079,0.049,-0.891;
2623,-0.068,0.056,-0.884;
2624,-0.079,0.053,-0.894;
2625,-0.075,0.056,-0.891;
2626,-0.072,0.06,-0.880;
2627,-0.079,0.06,-0.901;
2628,-0.072,0.045,-0.884;
2629,-0.075,0.053,-0.887;
2630,-0.072,0.049,-0.884;
2631,-0.075,0.053,-0.873;
2632,-0.075,0.053,-0.891;
2633,-0.083,0.053,-0.891;
2634,-0.083,0.041,-0.894;
2635,-0.075,0.049,-0.877;
2636,-0.083,0.049,-0.891;
2637,-0.075,0.045,-0.877;
2638,-0.083,0.049,-0.887;
2639,-0.087,0.038,-0.880;
2640,-0.09,0.049,-0.891;
2641,-0.094,0.049,-0.891;
2642,-0.083,0.045,-0.884;
2643,-0.083,0.045,-0.887;
2644,-0.087,0.049,-0.887;
2645,-0.09,0.041,-0.887;
2646,-0.098,0.041,-0.887;
2647,-0.087,0.038,-0.898;
2648,-0.087,0.045,-0.891;
2649,-0.094,0.038,-0.880;
2650,-0.094,0.038,-0.877;
2651,-0.094,0.041,-0.887;
2652,-0.087,0.041,-0.880;
2653,-0.098,0.041,-0.877;
2654,-0.094,0.049,-0.884;
2655,-0.102,0.038,-0.880;
2656,-0.102,0.045,-0.887;
2657,-0.09,0.045,-0.870;
2658,-0.087,0.034,-0.880;
2659,-0.102,0.045,-0.877;
2660,-0.094,0.038,-0.884;
2661,-0.102,0.045,-0.887;
2662,-0.105,0.045,-0.877;
2663,-0.083,0.041,-0.880;
2664,-0.094,0.041,-0.880;
2665,-0.105,0.041,-0.887;
2666,-0.102,0.03,-0.894;
2667,-0.102,0.038,-0.884;
2668,-0.102,0.034,-0.880;
2669,-0.098,0.034,-0.880;
2670,-0.105,0.034,-0.884;
2671,-0.102,0.041,-0.877;
2672,-0.109,0.045,-0.891;
2673,-0.098,0.045,-0.884;
2674,-0.102,0.045,-0.880;
2675,-0.094,0.03,-0.884;
2676,-0.109,0.056,-0.898;
2677,-0.105,0.053,-0.894;
2678,-0.109,0.041,-0.877;
2679,-0.098,0.038,-0.880;
2680,-0.109,0.038,-0.887;
2681,-0.113,0.041,-0.891;
2682,-0.113,0.038,-0.884;
2683,-0.109,0.034,-0.884;
2684,-0.109,0.038,-0.880;
2685,-0.117,0.041,-0.884;
2686,-0.113,0.045,-0.891;
2687,-0.113,0.041,-0.884;
2688,-0.117,0.041,-0.884;
2689,-0.113,0.041,-0.880;
2690,-0.113,0.034,-0.884;
2691,-0.102,0.034,-0.884;
2692,-0.109,0.034,-0.880;
2693,-0.117,0.045,-0.880;
2694,-0.12,0.038,-0.891;
2695,-0.113,0.038,-0.884;
2696,-0.113,0.041,-0.891;
2697,-0.113,0.041,-0.880;
2698,-0.117,0.045,-0.884;
2699,-0.12,0.049,-0.880;
2700,-0.113,0.049,-0.887;
2701,-0.109,0.034,-0.884;
2702,-0.113,0.045,-0.880;
2703,-0.132,0.034,-0.891;
2704,-0.113,0.045,-0.887;
2705,-0.12,0.038,-0.880;
2706,-0.124,0.041,-0.894;
2707,-0.117,0.045,-0.873;
2708,-0.105,0.041,-0.884;
2709,-0.117,0.041,-0.880;
2710,-0.117,0.045,-0.894;
2711,-0.109,0.038,-0.884;
2712,-0.117,0.045,-0.884;
2713,-0.105,0.045,-0.884;
2714,-0.117,0.045,-0.884;
2715,-0.117,0.041,-0.884;
2716,-0.113,0.03,-0.884;
2717,-0.113,0.045,-0.887;
2718,-0.109,0.045,-0.884;
2719,-0.117,0.045,-0.880;
2720,-0.113,0.049,-0.880;
2721,-0.109,0.041,-0.884;
2722,-0.117,0.034,-0.894;
2723,-0.109,0.041,-0.884;
2724,-0.113,0.026,-0.884;
2725,-0.12,0.038,-0.884;
2726,-0.117,0.041,-0.891;
2727,-0.109,0.038,-0.884;
2728,-0.113,0.038,-0.870;
2729,-0.12,0.045,-0.884;
2730,-0.12,0.045,-0.877;
2731,-0.105,0.041,-0.891;
2732,-0.113,0.041,-0.884;
2733,-0.12,0.038,-0.877;
2734,-0.124,0.049,-0.880;
2735,-0.117,0.03,-0.884;
2736,-0.113,0.026,-0.880;
2737,-0.113,0.026,-0.887;
2738,-0.117,0.049,-0.880;
2739,-0.113,0.038,-0.880;
2740,-0.117,0.041,-0.880;
2741,-0.117,0.049,-0.884;
2742,-0.109,0.03,-0.884;
2743,-0.113,0.049,-0.880;
2744,-0.113,0.041,-0.873;
2745,-0.113,0.041,-0.891;
2746,-0.109,0.038,-0.866;
2747,-0.113,0.038,-0.877;
2748,-0.124,0.041,-0.891;
2749,-0.124,0.045,-0.884;
2750,-0.117,0.038,-0.898;
2751,-0.117,0.045,-0.887;
2752,-0.132,0.045,-0.873;
2753,-0.113,0.045,-0.880;
2754,-0.113,0.038,-0.880;
2755,-0.113,0.041,-0.873;
2756,-0.124,0.041,-0.884;
2757,-0.109,0.045,-0.887;
2758,-0.102,0.041,-0.887;
2759,-0.117,0.045,-0.880;
2760,-0.113,0.034,-0.887;
2761,-0.109,0.034,-0.887;
2762,-0.117,0.041,-0.880;
2763,-0.117,0.045,-0.887;
2764,-0.117,0.034,-0.887;
2765,-0.113,0.045,-0.887;
2766,-0.117,0.038,-0.880;
2767,-0.12,0.03,-0.877;
2768,-0.113,0.03,-0.884;
2769,-0.102,0.026,-0.891;
2770,-0.12,0.034,-0.898;
2771,-0.109,0.034,-0.894;
2772,-0.109,0.038,-0.894;
2773,-0.109,0.034,-0.884;
2774,-0.117,0.034,-0.884;
2775,-0.105,0.038,-0.877;
2776,-0.109,0.034,-0.880;
2777,-0.124,0.038,-0.880;
2778,-0.124,0.041,-0.877;
2779,-0.113,0.041,-0.884;
2780,-0.109,0.038,-0.880;
2781,-0.109,0.038,-0.880;
2782,-0.124,0.038,-0.884;
2783,-0.12,0.041,-0.884;
2784,-0.109,0.041,-0.880;
2785,-0.109,0.038,-0.887;
2786,-0.12,0.045,-0.870;
2787,-0.117,0.034,-0.884;
2788,-0.109,0.045,-0.887;
2789,-0.113,0.041,-0.877;
2790,-0.117,0.038,-0.894;
2791,-0.113,0.049,-0.887;
2792,-0.102,0.053,-0.884;
2793,-0.105,0.045,-0.877;
2794,-0.105,0.038,-0.884;
2795,-0.105,0.034,-0.873;
2796,-0.098,0.049,-0.891;
2797,-0.094,0.053,-0.884;
2798,-0.113,0.045,-0.870;
2799,-0.113,0.06,-0.891;
2800,-0.109,0.045,-0.887;
2801,-0.109,0.049,-0.873;
2802,-0.105,0.056,-0.877;
2803,-0.09,0.053,-0.870;
2804,-0.098,0.045,-0.891;
2805,-0.094,0.045,-0.884;
2806,-0.105,0.049,-0.894;
2807,-0.109,0.038,-0.877;
2808,-0.098,0.045,-0.887;
2809,-0.098,0.045,-0.884;
2810,-0.094,0.049,-0.887;
2811,-0.094,0.049,-0.898;
2812,-0.094,0.045,-0.884;
2813,-0.09,0.045,-0.884;
2814,-0.087,0.049,-0.884;
2815,-0.09,0.045,-0.884;
2816,-0.094,0.045,-0.880;
2817,-0.105,0.049,-0.884;
2818,-0.094,0.049,-0.880;
2819,-0.087,0.045,-0.877;
2820,-0.09,0.049,-0.894;
2821,-0.098,0.045,-0.898;
2822,-0.098,0.045,-0.880;
2823,-0.094,0.053,-0.873;
2824,-0.087,0.038,-0.873;
2825,-0.087,0.049,-0.873;
2826,-0.083,0.041,-0.873;
2827,-0.09,0.041,-0.884;
2828,-0.087,0.045,-0.877;
2829,-0.087,0.041,-0.891;
2830,-0.087,0.053,-0.884;
2831,-0.09,0.053,-0.873;
2832,-0.083,0.056,-0.880;
2833,-0.083,0.053,-0.891;
2834,-0.083,0.056,-0.901;
2835,-0.094,0.053,-0.884;
2836,-0.087,0.049,-0.884;
2837,-0.083,0.053,-0.870;
2838,-0.079,0.049,-0.887;
2839,-0.09,0.041,-0.880;
2840,-0.075,0.045,-0.880;
2841,-0.079,0.056,-0.898;
2842,-0.075,0.053,-0.870;
2843,-0.079,0.049,-0.905;
2844,-0.087,0.053,-0.891;
2845,-0.072,0.045,-0.873;
2846,-0.075,0.053,-0.866;
2847,-0.079,0.053,-0.894;
2848,-0.064,0.045,-0.887;
2849,-0.064,0.045,-0.880;
2850,-0.072,0.041,-0.880;
2851,-0.083,0.053,-0.887;
2852,-0.083,0.053,-0.880;
2853,-0.079,0.049,-0.887;
2854,-0.072,0.064,-0.891;
2855,-0.068,0.056,-0.891;
2856,-0.068,0.053,-0.894;
2857,-0.068,0.056,-0.887;
2858,-0.075,0.049,-0.884;
2859,-0.079,0.049,-0.891;
2860,-0.079,0.06,-0.877;
2861,-0.075,0.053,-0.859;
2862,-0.075,0.06,-0.884;
2863,-0.075,0.053,-0.884;
2864,-0.083,0.053,-0.877;
2865,-0.075,0.06,-0.880;
2866,-0.072,0.06,-0.877;
2867,-0.072,0.064,-0.891;
2868,-0.075,0.068,-0.877;
2869,-0.087,0.056,-0.887;
2870,-0.075,0.053,-0.863;
2871,-0.068,0.049,-0.884;
2872,-0.079,0.064,-0.894;
2873,-0.075,0.053,-0.891;
2874,-0.083,0.056,-0.880;
2875,-0.087,0.056,-0.866;
2876,-0.068,0.053,-0.877;
2877,-0.072,0.049,-0.880;
2878,-0.079,0.053,-0.887;
2879,-0.075,0.053,-0.891;
2880,-0.083,0.049,-0.884;
2881,-0.072,0.045,-0.856;
2882,-0.072,0.053,-0.891;
2883,-0.053,0.053,-0.887;
2884,-0.072,0.045,-0.898;
2885,-0.072,0.06,-0.880;
2886,-0.06,0.049,-0.877;
2887,-0.068,0.049,-0.880;
2888,-0.06,0.056,-0.887;
2889,-0.056,0.045,-0.891;
2890,-0.064,0.038,-0.880;
2891,-0.072,0.045,-0.887;
2892,-0.075,0.053,-0.898;
2893,-0.072,0.045,-0.880;
2894,-0.068,0.053,-0.877;
2895,-0.072,0.045,-0.891;
2896,-0.064,0.045,-0.894;
2897,-0.072,0.053,-0.891;
2898,-0.068,0.053,-0.891;
2899,-0.072,0.045,-0.884;
2900,-0.079,0.038,-0.898;
2901,-0.075,0.053,-0.887;
2902,-0.075,0.049,-0.880;
2903,-0.068,0.045,-0.877;
2904,-0.075,0.056,-0.880;
2905,-0.083,0.041,-0.877;
2906,-0.075,0.049,-0.887;
2907,-0.079,0.041,-0.877;
2908,-0.09,0.045,-0.877;
2909,-0.083,0.041,-0.887;
2910,-0.072,0.03,-0.884;
2911,-0.083,0.041,-0.880;
2912,-0.083,0.034,-0.884;
2913,-0.079,0.045,-0.891;
2914,-0.09,0.038,-0.887;
2915,-0.083,0.049,-0.887;
2916,-0.087,0.038,-0.891;
2917,-0.09,0.038,-0.884;
2918,-0.087,0.041,-0.887;
2919,-0.09,0.041,-0.877;
2920,-0.09,0.038,-0.898;
2921,-0.094,0.049,-0.877;
2922,-0.094,0.045,-0.880;
2923,-0.098,0.045,-0.884;
2924,-0.087,0.045,-0.887;
2925,-0.09,0.034,-0.887;
2926,-0.098,0.041,-0.894;
2927,-0.098,0.038,-0.894;
2928,-0.09,0.038,-0.894;
2929,-0.098,0.041,-0.884;
2930,-0.102,0.045,-0.877;
2931,-0.105,0.053,-0.894;
2932,-0.102,0.038,-0.877;
2933,-0.094,0.038,-0.884;
2934,-0.098,0.045,-0.880;
2935,-0.102,0.045,-0.887;
2936,-0.098,0.045,-0.884;
2937,-0.094,0.03,-0.880;
2938,-0.105,0.03,-0.887;
2939,-0.102,0.038,-0.884;
2940,-0.105,0.03,-0.880;
2941,-0.102,0.038,-0.887;
2942,-0.105,0.038,-0.887;
2943,-0.102,0.034,-0.884;
2944,-0.109,0.03,-0.884;
2945,-0.102,0.034,-0.884;
2946,-0.098,0.03,-0.884;
2947,-0.105,0.03,-0.887;
2948,-0.109,0.034,-0.891;
2949,-0.105,0.03,-0.873;
2950,-0.105,0.034,-0.880;
2951,-0.109,0.03,-0.884;
2952,-0.12,0.038,-0.880;
2953,-0.124,0.034,-0.891;
2954,-0.12,0.023,-0.884;
2955,-0.12,0.034,-0.887;
2956,-0.12,0.034,-0.891;
2957,-0.113,0.03,-0.880;
2958,-0.117,0.034,-0.880;
2959,-0.12,0.034,-0.877;
2960,-0.124,0.034,-0.877;
2961,-0.113,0.03,-0.887;
2962,-0.117,0.034,-0.873;
2963,-0.128,0.038,-0.884;
2964,-0.12,0.03,-0.880;
2965,-0.128,0.03,-0.887;
2966,-0.136,0.038,-0.887;
2967,-0.12,0.03,-0.887;
2968,-0.124,0.034,-0.884;
2969,-0.12,0.03,-0.880;
2970,-0.139,0.045,-0.887;
2971,-0.12,0.038,-0.877;
2972,-0.117,0.041,-0.884;
2973,-0.12,0.041,-0.877;
2974,-0.128,0.038,-0.891;
2975,-0.113,0.038,-0.877;
2976,-0.124,0.026,-0.877;
2977,-0.12,0.038,-0.891;
2978,-0.124,0.03,-0.880;
2979,-0.12,0.056,-0.887;
2980,-0.136,0.038,-0.880;
2981,-0.124,0.038,-0.880;
2982,-0.117,0.038,-0.880;
2983,-0.109,0.038,-0.891;
2984,-0.128,0.038,-0.898;
2985,-0.12,0.03,-0.870;
2986,-0.124,0.034,-0.884;
2987,-0.12,0.038,-0.891;
2988,-0.12,0.034,-0.880;
2989,-0.124,0.034,-0.887;
2990,-0.124,0.034,-0.891;
2991,-0.124,0.034,-0.887;
2992,-0.117,0.026,-0.884;
2993,-0.128,0.034,-0.880;
2994,-0.124,0.034,-0.880;
2995,-0.128,0.034,-0.873;
2996,-0.109,0.034,-0.894;
2997,-0.124,0.03,-0.884;
2998,-0.12,0.041,-0.880;
2999,-0.128,0.038,-0.887;
3000,-0.124,0.034,-0.880;
3001,-0.124,0.03,-0.884;
3002,-0.124,0.038,-0.880;
3003,-0.136,0.034,-0.880;
3004,-0.128,0.034,-0.880;
3005,-0.124,0.026,-0.880;
3006,-0.132,0.03,-0.880;
3007,-0.136,0.034,-0.884;
3008,-0.132,0.03,-0.887;
3009,-0.136,0.034,-0.884;
3010,-0.128,0.026,-0.870;
3011,-0.124,0.034,-0.884;
3012,-0.132,0.034,-0.877;
3013,-0.124,0.03,-0.877;
3014,-0.128,0.038,-0.887;
3015,-0.12,0.041,-0.894;
3016,-0.132,0.03,-0.901;
3017,-0.128,0.03,-0.880;
3018,-0.124,0.041,-0.880;
3019,-0.12,0.045,-0.887;
3020,-0.124,0.041,-0.877;
3021,-0.132,0.041,-0.891;
3022,-0.12,0.041,-0.866;
3023,-0.128,0.03,-0.891;
3024,-0.128,0.041,-0.880;
3025,-0.128,0.038,-0.887;
3026,-0.132,0.038,-0.873;
3027,-0.124,0.041,-0.870;
3028,-0.113,0.038,-0.884;
3029,-0.136,0.049,-0.891;
3030,-0.128,0.038,-0.891;
3031,-0.113,0.038,-0.880;
3032,-0.12,0.034,-0.873;
3033,-0.124,0.041,-0.891;
3034,-0.113,0.03,-0.880;
3035,-0.128,0.041,-0.884;
3036,-0.12,0.03,-0.894;
3037,-0.12,0.041,-0.891;
3038,-0.12,0.041,-0.894;
3039,-0.124,0.041,-0.880;
3040,-0.12,0.045,-0.884;
3041,-0.12,0.041,-0.887;
3042,-0.105,0.038,-0.880;
3043,-0.124,0.038,-0.884;
3044,-0.117,0.045,-0.880;
3045,-0.109,0.041,-0.877;
3046,-0.12,0.041,-0.891;
3047,-0.12,0.041,-0.873;
3048,-0.113,0.034,-0.884;
3049,-0.117,0.045,-0.880;
3050,-0.12,0.041,-0.873;
3051,-0.109,0.034,-0.884;
3052,-0.117,0.041,-0.891;
3053,-0.109,0.034,-0.884;
3054,-0.105,0.045,-0.884;
3055,-0.105,0.041,-0.884;
3056,-0.109,0.053,-0.891;
3057,-0.105,0.049,-0.880;
3058,-0.098,0.045,-0.884;
3059,-0.102,0.041,-0.884;
3060,-0.109,0.041,-0.887;
3061,-0.109,0.041,-0.884;
3062,-0.105,0.038,-0.873;
3063,-0.102,0.049,-0.880;
3064,-0.105,0.049,-0.884;
3065,-0.094,0.045,-0.884;
3066,-0.102,0.053,-0.887;
3067,-0.105,0.049,-0.884;
3068,-0.102,0.045,-0.877;
3069,-0.105,0.041,-0.891;
3070,-0.105,0.049,-0.870;
3071,-0.109,0.041,-0.887;
3072,-0.098,0.045,-0.891;
3073,-0.09,0.049,-0.887;
3074,-0.094,0.053,-0.891;
3075,-0.094,0.049,-0.887;
3076,-0.094,0.049,-0.880;
3077,-0.094,0.041,-0.891;
3078,-0.094,0.045,-0.891;
3079,-0.098,0.049,-0.880;
3080,-0.094,0.045,-0.873;
3081,-0.09,0.045,-0.887;
3082,-0.098,0.045,-0.891;
3083,-0.094,0.045,-0.887;
3084,-0.098,0.041,-0.898;
3085,-0.094,0.049,-0.880;
3086,-0.075,0.041,-0.866;
3087,-0.087,0.034,-0.901;
3088,-0.094,0.053,-0.887;
3089,-0.09,0.045,-0.880;
3090,-0.083,0.053,-0.884;
3091,-0.087,0.045,-0.887;
3092,-0.087,0.045,-0.880;
3093,-0.083,0.045,-0.884;
3094,-0.079,0.049,-0.877;
3095,-0.083,0.049,-0.880;
3096,-0.079,0.053,-0.887;
3097,-0.083,0.053,-0.884;
3098,-0.087,0.056,-0.887;
3099,-0.079,0.045,-0.884;
3100,-0.087,0.053,-0.884;
3101,-0.079,0.053,-0.880;
3102,-0.075,0.056,-0.898;
3103,-0.09,0.053,-0.884;
3104,-0.094,0.064,-0.873;
3105,-0.083,0.068,-0.887;
3106,-0.087,0.056,-0.891;
3107,-0.094,0.064,-0.887;
3108,-0.079,0.053,-0.891;
3109,-0.09,0.049,-0.894;
3110,-0.079,0.056,-0.877;
3111,-0.072,0.045,-0.870;
3112,-0.083,0.041,-0.870;
3113,-0.075,0.053,-0.905;
3114,-0.083,0.045,-0.894;
3115,-0.079,0.053,-0.873;
3116,-0.072,0.06,-0.873;
3117,-0.06,0.053,-0.891;
3118,-0.075,0.053,-0.884;
3119,-0.075,0.049,-0.887;
3120,-0.072,0.049,-0.887;
3121,-0.068,0.053,-0.887;
3122,-0.068,0.049,-0.884;
3123,-0.075,0.053,-0.887;
3124,-0.075,0.045,-0.894;
3125,-0.075,0.049,-0.873;
3126,-0.079,0.068,-0.877;
3127,-0.064,0.049,-0.880;
3128,-0.068,0.053,-0.901;
3129,-0.079,0.053,-0.898;
3130,-0.079,0.056,-0.873;
3131,-0.072,0.053,-0.863;
3132,-0.068,0.06,-0.877;
3133,-0.06,0.056,-0.898;
3134,-0.09,0.041,-0.880;
3135,-0.079,0.053,-0.884;
3136,-0.068,0.053,-0.877;
3137,-0.068,0.049,-0.880;
3138,-0.072,0.064,-0.884;
3139,-0.068,0.053,-0.894;
3140,-0.068,0.056,-0.863;
3141,-0.079,0.056,-0.880;
3142,-0.06,0.056,-0.877;
3143,-0.056,0.064,-0.905;
3144,-0.068,0.049,-0.891;
3145,-0.072,0.049,-0.880;
3146,-0.064,0.064,-0.887;
3147,-0.072,0.053,-0.884;
3148,-0.06,0.06,-0.884;
3149,-0.068,0.045,-0.884;
3150,-0.06,0.049,-0.877;
3151,-0.068,0.06,-0.901;
3152,-0.072,0.056,-0.880;
3153,-0.068,0.053,-0.887;
3154,-0.068,0.053,-0.880;
3155,-0.064,0.06,-0.887;
3156,-0.072,0.056,-0.880;
3157,-0.079,0.049,-0.891;
3158,-0.075,0.049,-0.894;
3159,-0.079,0.049,-0.884;
3160,-0.072,0.049,-0.877;
3161,-0.079,0.053,-0.894;
3162,-0.075,0.049,-0.898;
3163,-0.075,0.045,-0.898;
3164,-0.079,0.049,-0.884;
3165,-0.079,0.049,-0.887;
3166,-0.075,0.053,-0.901;
3167,-0.079,0.045,-0.891;
3168,-0.079,0.053,-0.891;
3169,-0.083,0.045,-0.880;
3170,-0.079,0.038,-0.884;
3171,-0.079,0.045,-0.880;
3172,-0.083,0.041,-0.887;
3173,-0.083,0.049,-0.880;
3174,-0.09,0.049,-0.894;
3175,-0.087,0.038,-0.887;
3176,-0.087,0.041,-0.880;
3177,-0.094,0.041,-0.877;
3178,-0.09,0.049,-0.884;
3179,-0.087,0.041,-0.884;
3180,-0.098,0.038,-0.887;
3181,-0.094,0.041,-0.891;
3182,-0.098,0.045,-0.884;
3183,-0.098,0.041,-0.884;
3184,-0.105,0.041,-0.870;
3185,-0.094,0.049,-0.884;
3186,-0.087,0.038,-0.873;
3187,-0.09,0.045,-0.884;
3188,-0.098,0.038,-0.887;
3189,-0.094,0.038,-0.891;
3190,-0.105,0.026,-0.898;
3191,-0.094,0.03,-0.884;
3192,-0.105,0.038,-0.877;
3193,-0.105,0.045,-0.891;
3194,-0.105,0.038,-0.884;
3195,-0.09,0.03,-0.887;
3196,-0.094,0.038,-0.877;
3197,-0.102,0.03,-0.887;
3198,-0.102,0.041,-0.891;
3199,-0.098,0.038,-0.894;
3200,-0.102,0.034,-0.884;
3201,-0.094,0.026,-0.880;
3202,-0.102,0.038,-0.884;
3203,-0.109,0.041,-0.877;
3204,-0.113,0.034,-0.891;
3205,-0.105,0.03,-0.891;
3206,-0.105,0.041,-0.887;
3207,-0.109,0.038,-0.887;
3208,-0.117,0.045,-0.884;
3209,-0.102,0.026,-0.884;
3210,-0.105,0.03,-0.894;
3211,-0.113,0.026,-0.887;
3212,-0.113,0.034,-0.884;
3213,-0.109,0.038,-0.880;
3214,-0.109,0.034,-0.884;
3215,-0.117,0.034,-0.887;
3216,-0.12,0.034,-0.887;
3217,-0.113,0.026,-0.891;
3218,-0.109,0.026,-0.891;
3219,-0.12,0.026,-0.870;
3220,-0.102,0.023,-0.884;
3221,-0.109,0.03,-0.887;
3222,-0.117,0.03,-0.884;
3223,-0.117,0.03,-0.884;
3224,-0.117,0.03,-0.891;
3225,-0.113,0.03,-0.887;
3226,-0.117,0.034,-0.884;
3227,-0.113,0.041,-0.898;
3228,-0.117,0.03,-0.894;
3229,-0.117,0.026,-0.887;
3230,-0.12,0.034,-0.891;
3231,-0.117,0.03,-0.880;
3232,-0.109,0.034,-0.884;
3233,-0.109,0.03,-0.880;
3234,-0.124,0.041,-0.870;
3235,-0.105,0.03,-0.891;
3236,-0.113,0.03,-0.894;
3237,-0.113,0.03,-0.884;
3238,-0.117,0.038,-0.877;
3239,-0.113,0.038,-0.877;
3240,-0.109,0.03,-0.884;
3241,-0.12,0.038,-0.873;
3242,-0.113,0.034,-0.887;
3243,-0.113,0.038,-0.873;
3244,-0.117,0.026,-0.880;
3245,-0.12,0.03,-0.880;
3246,-0.113,0.026,-0.887;
3247,-0.117,0.034,-0.884;
3248,-0.109,0.03,-0.887;
3249,-0.12,0.026,-0.880;
3250,-0.113,0.034,-0.887;
3251,-0.113,0.034,-0.880;
3252,-0.105,0.038,-0.887;
3253,-0.109,0.03,-0.880;
3254,-0.105,0.03,-0.891;
3255,-0.109,0.038,-0.887;
3256,-0.117,0.041,-0.884;
3257,-0.098,0.034,-0.873;
3258,-0.098,0.03,-0.887;
3259,-0.105,0.03,-0.891;
3260,-0.117,0.034,-0.877;
3261,-0.12,0.045,-0.873;
3262,-0.113,0.038,-0.877;
3263,-0.102,0.03,-0.880;
3264,-0.105,0.034,-0.887;
3265,-0.113,0.034,-0.894;
3266,-0.102,0.038,-0.877;
3267,-0.102,0.049,-0.877;
3268,-0.102,0.045,-0.884;
3269,-0.102,0.049,-0.887;
3270,-0.117,0.034,-0.880;
3271,-0.102,0.041,-0.880;
3272,-0.105,0.038,-0.870;
3273,-0.094,0.041,-0.877;
3274,-0.083,0.041,-0.898;
3275,-0.098,0.041,-0.884;
3276,-0.105,0.045,-0.891;
3277,-0.094,0.041,-0.887;
3278,-0.09,0.045,-0.894;
3279,-0.098,0.041,-0.880;
3280,-0.09,0.049,-0.880;
3281,-0.075,0.053,-0.884;
3282,-0.083,0.053,-0.887;
3283,-0.087,0.041,-0.880;
3284,-0.087,0.049,-0.884;
3285,-0.079,0.049,-0.891;
3286,-0.094,0.038,-0.898;
3287,-0.087,0.053,-0.880;
3288,-0.083,0.049,-0.870;
3289,-0.079,0.053,-0.891;
3290,-0.075,0.049,-0.901;
3291,-0.075,0.045,-0.891;
3292,-0.079,0.056,-0.880;
3293,-0.087,0.049,-0.880;
3294,-0.079,0.056,-0.884;
3295,-0.079,0.045,-0.887;
3296,-0.075,0.049,-0.894;
3297,-0.087,0.049,-0.884;
3298,-0.09,0.053,-0.873;
3299,-0.072,0.049,-0.891;
3300,-0.075,0.053,-0.877;
3301,-0.075,0.053,-0.884;
3302,-0.075,0.049,-0.898;
3303,-0.079,0.049,-0.898;
3304,-0.087,0.053,-0.887;
3305,-0.072,0.049,-0.891;
3306,-0.072,0.056,-0.880;
3307,-0.064,0.049,-0.863;
3308,-0.075,0.06,-0.905;
3309,-0.072,0.049,-0.859;
3310,-0.075,0.056,-0.901;
3311,-0.072,0.053,-0.898;
3312,-0.079,0.049,-0.877;
3313,-0.075,0.049,-0.873;
3314,-0.075,0.056,-0.880;
3315,-0.064,0.049,-0.884;
3316,-0.068,0.049,-0.880;
3317,-0.064,0.056,-0.887;
3318,-0.072,0.06,-0.880;
3319,-0.068,0.056,-0.894;
3320,-0.064,0.049,-0.891;
3321,-0.053,0.053,-0.884;
3322,-0.056,0.053,-0.880;
3323,-0.068,0.053,-0.884;
3324,-0.06,0.06,-0.884;
3325,-0.068,0.049,-0.880;
3326,-0.064,0.06,-0.880;
3327,-0.072,0.06,-0.870;
3328,-0.056,0.068,-0.880;
3329,-0.053,0.056,-0.891;
3330,-0.064,0.053,-0.887;
3331,-0.068,0.056,-0.887;
3332,-0.06,0.053,-0.894;
3333,-0.068,0.053,-0.884;
3334,-0.068,0.056,-0.870;
3335,-0.064,0.053,-0.866;
3336,-0.072,0.056,-0.884;
3337,-0.056,0.053,-0.898;
3338,-0.068,0.056,-0.873;
3339,-0.064,0.049,-0.877;
3340,-0.045,0.053,-0.884;
3341,-0.064,0.053,-0.901;
3342,-0.068,0.06,-0.891;
3343,-0.068,0.056,-0.849;
3344,-0.06,0.041,-0.901;
3345,-0.056,0.049,-0.912;
3346,-0.072,0.053,-0.884;
3347,-0.064,0.06,-0.866;
3348,-0.049,0.049,-0.887;
3349,-0.053,0.053,-0.887;
3350,-0.053,0.056,-0.884;
3351,-0.053,0.049,-0.887;
3352,-0.064,0.045,-0.884;
3353,-0.064,0.06,-0.873;
3354,-0.053,0.049,-0.877;
3355,-0.056,0.045,-0.894;
3356,-0.056,0.06,-0.877;
3357,-0.056,0.045,-0.884;
3358,-0.056,0.053,-0.887;
3359,-0.06,0.045,-0.880;
3360,-0.068,0.056,-0.891;
3361,-0.06,0.056,-0.884;
3362,-0.06,0.045,-0.891;
3363,-0.064,0.049,-0.884;
3364,-0.064,0.053,-0.887;
3365,-0.072,0.06,-0.891;
3366,-0.072,0.053,-0.884;
3367,-0.068,0.041,-0.884;
3368,-0.068,0.049,-0.887;
3369,-0.072,0.045,-0.887;
3370,-0.079,0.038,-0.887;
3371,-0.072,0.045,-0.891;
3372,-0.087,0.06,-0.873;
3373,-0.083,0.045,-0.870;
3374,-0.072,0.045,-0.901;
3375,-0.072,0.045,-0.887;
3376,-0.083,0.049,-0.884;
3377,-0.087,0.053,-0.873;
3378,-0.079,0.045,-0.880;
3379,-0.09,0.045,-0.901;
3380,-0.087,0.041,-0.901;
3381,-0.09,0.049,-0.887;
3382,-0.094,0.045,-0.873;
3383,-0.083,0.038,-0.863;
3384,-0.087,0.041,-0.873;
3385,-0.098,0.045,-0.891;
3386,-0.087,0.03,-0.908;
3387,-0.098,0.041,-0.894;
3388,-0.098,0.038,-0.887;
3389,-0.079,0.03,-0.880;
3390,-0.09,0.026,-0.873;
3391,-0.083,0.034,-0.894;
3392,-0.098,0.038,-0.894;
3393,-0.083,0.045,-0.891;
3394,-0.072,0.038,-0.887;
3395,-0.083,0.053,-0.898;
3396,-0.109,0.038,-0.891;
3397,-0.094,0.038,-0.873;
3398,-0.094,0.034,-0.891;
3399,-0.094,0.041,-0.887;
3400,-0.09,0.038,-0.877;
3401,-0.072,0.034,-0.884;
3402,-0.075,0.026,-0.884;
3403,-0.075,0.041,-0.880;
3404,-0.075,0.053,-0.894;
3405,-0.079,0.056,-0.891;
3406,-0.075,0.053,-0.887;
3407,-0.079,0.03,-0.877;
3408,-0.079,0.019,-0.873;
3409,-0.075,0.011,-0.894;
3410,-0.079,0.011,-0.884;
3411,-0.079,0.015,-0.894;
3412,-0.072,0.026,-0.898;
3413,-0.083,0.041,-0.880;
3414,-0.079,0.041,-0.880;
3415,-0.075,0.049,-0.894;
3416,-0.079,0.038,-0.884;
3417,-0.09,0.023,-0.891;
3418,-0.087,0.03,-0.891;
3419,-0.079,0.019,-0.898;
3420,-0.072,0.026,-0.894;
3421,-0.098,0.041,-0.894;
3422,-0.102,0.034,-0.870;
3423,-0.087,0.045,-0.873;
3424,-0.09,0.023,-0.887;
3425,-0.053,0.034,-0.887;
3426,-0.068,0.034,-0.894;
3427,-0.087,0.03,-0.870;
3428,-0.075,0.023,-0.887;
3429,-0.098,0.015,-0.884;
3430,-0.087,0.011,-0.894;
3431,-0.087,0.03,-0.884;
3432,-0.09,0.026,-0.877;
3433,-0.105,0.026,-0.891;
3434,-0.087,0.026,-0.880;
3435,-0.072,0.023,-0.887;
3436,-0.075,0.03,-0.884;
3437,-0.09,0.026,-0.880;
3438,-0.087,0.03,-0.887;
3439,-0.083,0.019,-0.891;
3440,-0.094,0.015,-0.877;
3441,-0.087,0.019,-0.887;
3442,-0.09,0.023,-0.884;
3443,-0.09,0.034,-0.877;
3444,-0.09,0.03,-0.884;
3445,-0.09,0.034,-0.873;
3446,-0.087,0.026,-0.884;
3447,-0.09,0.03,-0.887;
3448,-0.098,0.03,-0.891;
3449,-0.102,0.019,-0.880;
3450,-0.098,0.023,-0.891;
3451,-0.087,0.034,-0.891;
3452,-0.109,0.03,-0.884;
3453,-0.102,0.023,-0.877;
3454,-0.105,0.034,-0.884;
3455,-0.098,0.038,-0.894;
3456,-0.105,0.026,-0.873;
3457,-0.113,0.023,-0.919;
3458,-0.113,0.019,-0.894;
3459,-0.117,0.026,-0.870;
3460,-0.132,0.03,-0.866;
3461,-0.124,0.026,-0.877;
3462,-0.117,0.03,-0.908;
3463,-0.105,0.026,-0.901;
3464,-0.102,0.023,-0.866;
3465,-0.102,0.019,-0.866;
3466,-0.09,0.015,-0.863;
3467,-0.098,0.019,-0.901;
3468,-0.087,0.019,-0.880;
3469,-0.075,0.011,-0.852;
3470,-0.079,0.008,-0.880;
3471,-0.09,0.004,-0.905;
3472,-0.09,-0.004,-0.901;
3473,-0.06,-0.004,-0.856;
3474,-0.068,-0.008,-0.856;
3475,-0.102,-0.004,-0.929;
3476,-0.098,0.0,-0.929;
3477,-0.072,-0.004,-0.880;
